0.91 	0.05 	1
1.03 	0.15 	1
1.06 	0.02 	1
0.97 	0.02 	1
1.00 	-0.08 	1
1.03 	-0.04 	1
1.07 	0.06 	1
1.00 	0.18 	1
0.99 	0.06 	1
1.02 	0.09 	1
1.12 	0.21 	1
0.93 	0.07 	1
1.13 	0.08 	1
1.09 	-0.05 	1
1.00 	0.07 	1
1.08 	0.12 	1
1.04 	0.16 	1
1.01 	-0.01 	1
0.91 	0.02 	1
1.00 	0.16 	1
0.93 	0.00 	1
0.86 	-0.04 	1
1.07 	0.05 	1
0.93 	0.11 	1
1.00 	0.06 	1
0.96 	0.01 	1
0.99 	0.19 	1
1.16 	0.12 	1
0.82 	0.23 	1
1.00 	0.17 	1
0.89 	0.06 	1
0.98 	0.07 	1
0.92 	0.21 	1
0.95 	0.13 	1
0.94 	0.02 	1
0.93 	0.01 	1
0.93 	0.13 	1
1.02 	0.13 	1
0.93 	0.12 	1
0.91 	0.18 	1
0.90 	0.14 	1
0.99 	0.07 	1
0.91 	0.07 	1
1.08 	0.11 	1
0.94 	0.12 	1
1.08 	0.26 	1
0.92 	0.14 	1
1.05 	0.22 	1
0.91 	0.05 	1
0.92 	0.16 	1
1.10 	0.21 	1
1.04 	0.28 	1
1.06 	0.18 	1
0.92 	0.06 	1
0.91 	0.09 	1
1.07 	0.05 	1
0.97 	0.13 	1
0.97 	0.17 	1
0.99 	0.19 	1
0.97 	0.22 	1
1.05 	0.18 	1
0.97 	0.16 	1
0.98 	0.19 	1
0.95 	0.33 	1
1.04 	0.28 	1
1.14 	0.22 	1
0.93 	0.10 	1
0.98 	0.20 	1
0.94 	0.14 	1
0.88 	0.15 	1
0.96 	0.11 	1
0.97 	0.22 	1
0.97 	0.25 	1
0.90 	0.35 	1
1.01 	0.05 	1
1.03 	0.20 	1
0.96 	0.26 	1
1.05 	0.30 	1
1.00 	0.23 	1
1.07 	0.35 	1
1.02 	0.27 	1
0.95 	0.41 	1
0.95 	0.33 	1
1.02 	0.17 	1
0.97 	0.31 	1
0.94 	0.30 	1
1.01 	0.38 	1
1.05 	0.27 	1
0.90 	0.23 	1
1.01 	0.25 	1
0.96 	0.32 	1
0.94 	0.22 	1
0.95 	0.31 	1
0.88 	0.19 	1
0.81 	0.20 	1
0.96 	0.39 	1
0.98 	0.32 	1
0.86 	0.36 	1
1.06 	0.22 	1
1.10 	0.36 	1
1.03 	0.23 	1
0.93 	0.24 	1
0.86 	0.38 	1
0.92 	0.31 	1
0.97 	0.33 	1
0.97 	0.36 	1
0.97 	0.38 	1
1.02 	0.31 	1
0.97 	0.36 	1
0.92 	0.32 	1
1.04 	0.28 	1
0.94 	0.36 	1
0.95 	0.25 	1
0.93 	0.29 	1
0.85 	0.31 	1
0.98 	0.21 	1
0.97 	0.35 	1
0.92 	0.33 	1
1.03 	0.44 	1
0.87 	0.27 	1
1.00 	0.49 	1
0.97 	0.47 	1
0.88 	0.34 	1
1.03 	0.22 	1
1.06 	0.36 	1
0.79 	0.43 	1
0.90 	0.32 	1
0.89 	0.34 	1
0.93 	0.42 	1
0.83 	0.39 	1
1.01 	0.40 	1
0.91 	0.50 	1
1.00 	0.41 	1
0.86 	0.39 	1
0.90 	0.34 	1
0.89 	0.55 	1
0.85 	0.39 	1
0.91 	0.43 	1
0.99 	0.32 	1
0.89 	0.57 	1
0.91 	0.42 	1
0.89 	0.43 	1
0.78 	0.44 	1
0.89 	0.39 	1
0.78 	0.42 	1
0.83 	0.44 	1
0.81 	0.50 	1
0.94 	0.35 	1
0.92 	0.45 	1
0.91 	0.50 	1
0.85 	0.55 	1
0.80 	0.45 	1
0.95 	0.42 	1
0.91 	0.45 	1
0.89 	0.42 	1
0.81 	0.44 	1
0.80 	0.64 	1
0.94 	0.34 	1
1.09 	0.63 	1
1.04 	0.45 	1
0.90 	0.35 	1
0.84 	0.48 	1
0.91 	0.46 	1
0.81 	0.54 	1
0.77 	0.45 	1
0.98 	0.51 	1
0.95 	0.44 	1
0.97 	0.53 	1
0.75 	0.62 	1
0.84 	0.40 	1
0.82 	0.58 	1
0.90 	0.42 	1
0.88 	0.53 	1
0.76 	0.42 	1
0.72 	0.39 	1
0.83 	0.52 	1
0.79 	0.45 	1
0.88 	0.56 	1
1.00 	0.59 	1
0.99 	0.52 	1
0.86 	0.40 	1
0.80 	0.57 	1
1.00 	0.59 	1
0.83 	0.50 	1
0.85 	0.45 	1
0.75 	0.57 	1
0.80 	0.52 	1
0.85 	0.46 	1
0.82 	0.55 	1
0.90 	0.55 	1
0.82 	0.57 	1
0.73 	0.62 	1
0.76 	0.52 	1
0.83 	0.45 	1
0.91 	0.47 	1
0.84 	0.61 	1
0.83 	0.54 	1
0.82 	0.50 	1
0.83 	0.57 	1
1.00 	0.69 	1
0.80 	0.68 	1
0.90 	0.51 	1
0.81 	0.58 	1
0.80 	0.57 	1
0.72 	0.43 	1
0.76 	0.62 	1
0.86 	0.68 	1
0.91 	0.54 	1
0.89 	0.71 	1
0.85 	0.67 	1
0.78 	0.62 	1
0.80 	0.55 	1
0.88 	0.72 	1
0.81 	0.59 	1
0.74 	0.57 	1
0.90 	0.66 	1
0.85 	0.71 	1
0.79 	0.53 	1
0.82 	0.73 	1
0.75 	0.62 	1
0.74 	0.61 	1
0.92 	0.81 	1
0.77 	0.62 	1
0.75 	0.68 	1
0.80 	0.59 	1
0.73 	0.71 	1
0.90 	0.59 	1
0.77 	0.66 	1
0.65 	0.69 	1
0.79 	0.64 	1
0.85 	0.72 	1
0.80 	0.69 	1
0.81 	0.72 	1
0.69 	0.59 	1
0.70 	0.87 	1
0.66 	0.76 	1
0.75 	0.61 	1
0.77 	0.67 	1
0.76 	0.65 	1
0.92 	0.73 	1
0.70 	0.61 	1
0.63 	0.78 	1
0.71 	0.76 	1
0.70 	0.68 	1
0.69 	0.70 	1
0.82 	0.76 	1
0.62 	0.76 	1
0.72 	0.73 	1
0.83 	0.70 	1
0.73 	0.67 	1
0.60 	0.74 	1
0.65 	0.67 	1
0.81 	0.77 	1
0.70 	0.86 	1
0.80 	0.62 	1
0.62 	0.81 	1
0.68 	0.83 	1
0.69 	0.73 	1
0.71 	0.72 	1
0.71 	0.76 	1
0.80 	0.76 	1
0.63 	0.66 	1
0.60 	0.82 	1
0.59 	0.73 	1
0.72 	0.87 	1
0.62 	0.67 	1
0.69 	0.67 	1
0.72 	0.69 	1
0.67 	0.72 	1
0.79 	0.78 	1
0.60 	0.59 	1
0.69 	0.77 	1
0.65 	0.79 	1
0.62 	0.73 	1
0.76 	0.70 	1
0.77 	0.70 	1
0.58 	0.78 	1
0.69 	0.77 	1
0.63 	0.66 	1
0.53 	0.66 	1
0.60 	0.71 	1
0.65 	0.71 	1
0.56 	0.91 	1
0.77 	0.76 	1
0.56 	0.82 	1
0.69 	0.89 	1
0.57 	0.86 	1
0.61 	0.81 	1
0.49 	0.97 	1
0.53 	0.89 	1
0.62 	0.81 	1
0.62 	0.93 	1
0.70 	0.76 	1
0.64 	0.85 	1
0.57 	0.85 	1
0.65 	0.74 	1
0.53 	0.79 	1
0.61 	0.84 	1
0.54 	0.91 	1
0.62 	0.82 	1
0.47 	0.87 	1
0.63 	0.91 	1
0.53 	0.61 	1
0.68 	0.78 	1
0.48 	0.88 	1
0.53 	0.78 	1
0.59 	0.99 	1
0.60 	0.90 	1
0.48 	0.75 	1
0.43 	0.80 	1
0.59 	0.94 	1
0.61 	0.76 	1
0.56 	0.82 	1
0.59 	0.73 	1
0.60 	0.86 	1
0.48 	0.84 	1
0.47 	0.80 	1
0.43 	0.84 	1
0.50 	0.80 	1
0.50 	0.97 	1
0.46 	0.97 	1
0.46 	0.92 	1
0.54 	1.01 	1
0.57 	0.83 	1
0.64 	0.71 	1
0.55 	0.92 	1
0.50 	0.83 	1
0.48 	0.81 	1
0.47 	0.77 	1
0.45 	0.85 	1
0.53 	0.88 	1
0.58 	0.94 	1
0.52 	0.80 	1
0.63 	0.82 	1
0.42 	0.71 	1
0.42 	0.97 	1
0.41 	0.86 	1
0.50 	0.87 	1
0.50 	0.93 	1
0.46 	0.86 	1
0.45 	0.91 	1
0.57 	0.90 	1
0.42 	0.77 	1
0.53 	0.82 	1
0.61 	0.89 	1
0.38 	1.03 	1
0.49 	0.90 	1
0.46 	0.73 	1
0.36 	0.95 	1
0.53 	0.91 	1
0.53 	1.00 	1
0.53 	0.96 	1
0.31 	0.96 	1
0.49 	0.88 	1
0.42 	1.06 	1
0.30 	0.92 	1
0.47 	0.85 	1
0.39 	0.93 	1
0.37 	0.93 	1
0.34 	0.90 	1
0.43 	0.85 	1
0.41 	0.84 	1
0.28 	1.00 	1
0.42 	0.96 	1
0.44 	0.91 	1
0.44 	0.95 	1
0.40 	0.88 	1
0.39 	0.77 	1
0.39 	0.96 	1
0.30 	0.86 	1
0.54 	0.91 	1
0.46 	0.89 	1
0.36 	0.92 	1
0.48 	0.83 	1
0.30 	1.00 	1
0.53 	0.93 	1
0.21 	0.88 	1
0.42 	0.96 	1
0.30 	0.83 	1
0.23 	0.90 	1
0.32 	0.95 	1
0.52 	0.88 	1
0.42 	0.88 	1
0.37 	0.92 	1
0.32 	0.84 	1
0.37 	0.93 	1
0.26 	0.99 	1
0.42 	0.90 	1
0.35 	0.90 	1
0.23 	0.93 	1
0.34 	1.01 	1
0.33 	1.05 	1
0.32 	0.93 	1
0.36 	0.83 	1
0.31 	1.03 	1
0.29 	0.89 	1
0.25 	0.92 	1
0.25 	1.06 	1
0.28 	0.91 	1
0.26 	1.10 	1
0.39 	0.99 	1
0.30 	0.91 	1
0.29 	0.87 	1
0.33 	0.89 	1
0.32 	0.96 	1
0.28 	0.94 	1
0.35 	0.90 	1
0.35 	1.10 	1
0.34 	0.82 	1
0.13 	0.96 	1
0.22 	1.09 	1
0.38 	1.02 	1
0.27 	0.93 	1
0.19 	0.94 	1
0.24 	1.24 	1
0.24 	1.07 	1
0.26 	0.91 	1
0.36 	1.02 	1
0.09 	1.02 	1
0.32 	0.92 	1
0.29 	1.01 	1
0.19 	0.89 	1
0.20 	0.95 	1
0.30 	0.90 	1
0.25 	0.88 	1
0.28 	0.99 	1
0.23 	0.88 	1
0.08 	0.90 	1
0.31 	1.00 	1
0.22 	1.04 	1
0.14 	1.02 	1
0.20 	1.01 	1
0.28 	0.97 	1
0.26 	0.99 	1
0.29 	0.95 	1
0.23 	0.84 	1
0.21 	0.99 	1
0.03 	1.01 	1
0.18 	1.06 	1
0.19 	1.07 	1
0.15 	0.98 	1
0.09 	1.09 	1
0.29 	0.95 	1
0.19 	1.01 	1
0.18 	0.92 	1
0.12 	0.98 	1
0.20 	1.05 	1
0.21 	1.04 	1
0.08 	0.89 	1
0.10 	0.93 	1
0.13 	0.98 	1
0.19 	0.87 	1
0.15 	0.90 	1
0.16 	0.95 	1
0.18 	1.03 	1
0.03 	0.92 	1
0.05 	0.96 	1
0.07 	0.97 	1
0.17 	1.09 	1
0.11 	0.96 	1
0.04 	1.23 	1
0.05 	1.07 	1
0.13 	1.00 	1
0.21 	1.05 	1
0.13 	0.98 	1
0.03 	1.07 	1
0.05 	1.04 	1
0.10 	1.10 	1
0.05 	0.99 	1
0.06 	0.99 	1
0.11 	1.02 	1
0.09 	1.03 	1
0.13 	1.04 	1
0.22 	1.09 	1
0.19 	0.97 	1
0.11 	0.95 	1
0.13 	1.06 	1
0.20 	1.00 	1
0.11 	1.12 	1
0.05 	0.95 	1
0.02 	1.04 	1
0.06 	1.00 	1
0.09 	1.00 	1
0.00 	0.91 	1
-0.03 	1.06 	1
0.07 	1.05 	1
0.17 	1.13 	1
0.06 	1.05 	1
-0.02 	0.99 	1
0.01 	1.12 	1
0.03 	1.20 	1
0.13 	0.95 	1
0.07 	0.94 	1
0.11 	0.91 	1
0.08 	1.01 	1
-0.04 	1.02 	1
-0.12 	1.00 	1
-0.06 	1.05 	1
0.07 	0.87 	1
0.03 	1.10 	1
-0.01 	0.84 	1
0.04 	0.94 	1
-0.08 	1.02 	1
0.02 	1.01 	1
0.02 	0.84 	1
-0.05 	1.09 	1
-0.11 	0.92 	1
-0.02 	1.09 	1
-0.02 	0.98 	1
0.10 	1.04 	1
-0.11 	0.99 	1
0.07 	0.96 	1
-0.19 	1.07 	1
0.04 	1.00 	1
0.00 	1.01 	1
0.07 	1.02 	1
-0.16 	0.96 	1
-0.09 	0.97 	1
-0.10 	0.96 	1
-0.17 	1.08 	1
-0.11 	1.13 	1
-0.04 	0.97 	1
-0.01 	1.13 	1
-0.05 	0.93 	1
-0.05 	0.98 	1
0.02 	0.89 	1
-0.13 	0.99 	1
-0.08 	1.15 	1
-0.08 	0.97 	1
0.00 	0.96 	1
-0.11 	1.03 	1
-0.06 	0.87 	1
-0.13 	1.01 	1
-0.02 	1.01 	1
-0.04 	0.91 	1
-0.07 	0.90 	1
-0.13 	1.00 	1
-0.21 	0.96 	1
-0.09 	1.01 	1
-0.06 	1.05 	1
-0.14 	0.96 	1
-0.18 	1.01 	1
-0.23 	0.98 	1
-0.14 	1.08 	1
-0.07 	1.03 	1
-0.16 	0.99 	1
-0.13 	1.01 	1
-0.06 	0.95 	1
-0.04 	1.04 	1
-0.20 	0.88 	1
-0.14 	1.10 	1
-0.28 	1.00 	1
-0.09 	1.02 	1
-0.22 	0.89 	1
-0.13 	0.95 	1
-0.20 	0.84 	1
-0.23 	1.00 	1
-0.12 	0.99 	1
-0.15 	0.99 	1
-0.24 	1.03 	1
-0.20 	0.90 	1
-0.18 	1.05 	1
-0.11 	1.05 	1
-0.33 	0.94 	1
-0.19 	1.03 	1
-0.16 	0.93 	1
-0.25 	1.09 	1
-0.12 	1.07 	1
-0.20 	0.96 	1
-0.14 	0.98 	1
-0.20 	1.06 	1
-0.26 	0.93 	1
-0.24 	0.85 	1
-0.27 	1.01 	1
-0.18 	0.92 	1
-0.19 	0.94 	1
-0.11 	1.03 	1
-0.23 	1.14 	1
-0.22 	0.97 	1
-0.23 	1.02 	1
-0.22 	0.95 	1
-0.29 	1.07 	1
-0.26 	0.90 	1
-0.23 	0.97 	1
-0.16 	1.00 	1
-0.37 	0.90 	1
-0.16 	1.00 	1
-0.28 	0.97 	1
-0.26 	0.96 	1
-0.25 	0.94 	1
-0.18 	0.95 	1
-0.31 	1.03 	1
-0.38 	0.97 	1
-0.25 	1.04 	1
-0.30 	1.03 	1
-0.27 	0.97 	1
-0.37 	0.98 	1
-0.45 	0.80 	1
-0.21 	0.83 	1
-0.34 	1.15 	1
-0.32 	0.94 	1
-0.30 	0.91 	1
-0.32 	0.90 	1
-0.24 	0.93 	1
-0.24 	0.93 	1
-0.46 	0.81 	1
-0.38 	0.96 	1
-0.32 	0.90 	1
-0.32 	0.99 	1
-0.44 	0.97 	1
-0.40 	0.96 	1
-0.27 	1.05 	1
-0.33 	0.91 	1
-0.33 	0.85 	1
-0.29 	1.03 	1
-0.37 	0.83 	1
-0.38 	0.99 	1
-0.39 	0.94 	1
-0.33 	0.95 	1
-0.28 	0.91 	1
-0.32 	0.93 	1
-0.45 	0.90 	1
-0.22 	0.93 	1
-0.41 	0.87 	1
-0.19 	0.93 	1
-0.28 	1.08 	1
-0.44 	0.96 	1
-0.47 	0.89 	1
-0.37 	0.90 	1
-0.28 	0.87 	1
-0.34 	0.89 	1
-0.46 	0.96 	1
-0.48 	0.87 	1
-0.46 	1.00 	1
-0.44 	0.92 	1
-0.44 	1.02 	1
-0.31 	0.85 	1
-0.45 	0.89 	1
-0.35 	0.95 	1
-0.45 	0.93 	1
-0.44 	0.78 	1
-0.25 	0.93 	1
-0.38 	0.86 	1
-0.41 	0.89 	1
-0.54 	0.94 	1
-0.39 	0.98 	1
-0.60 	0.97 	1
-0.45 	0.88 	1
-0.49 	0.82 	1
-0.48 	0.88 	1
-0.39 	0.89 	1
-0.39 	1.01 	1
-0.45 	0.79 	1
-0.43 	0.85 	1
-0.38 	0.90 	1
-0.55 	0.91 	1
-0.40 	0.89 	1
-0.38 	0.74 	1
-0.51 	0.86 	1
-0.40 	0.93 	1
-0.46 	0.83 	1
-0.41 	0.78 	1
-0.48 	1.02 	1
-0.47 	0.85 	1
-0.53 	0.90 	1
-0.47 	0.83 	1
-0.48 	0.87 	1
-0.60 	0.99 	1
-0.51 	0.86 	1
-0.58 	0.80 	1
-0.47 	0.94 	1
-0.58 	0.90 	1
-0.57 	0.77 	1
-0.52 	0.88 	1
-0.77 	0.89 	1
-0.52 	0.82 	1
-0.60 	0.89 	1
-0.52 	0.77 	1
-0.49 	0.85 	1
-0.56 	0.79 	1
-0.49 	0.83 	1
-0.42 	0.81 	1
-0.59 	0.94 	1
-0.59 	0.74 	1
-0.55 	0.82 	1
-0.59 	0.90 	1
-0.56 	0.73 	1
-0.51 	0.82 	1
-0.51 	0.89 	1
-0.56 	0.73 	1
-0.56 	0.96 	1
-0.55 	0.89 	1
-0.60 	0.78 	1
-0.52 	0.81 	1
-0.62 	0.84 	1
-0.62 	0.77 	1
-0.59 	0.81 	1
-0.56 	0.86 	1
-0.51 	0.75 	1
-0.42 	0.87 	1
-0.62 	0.86 	1
-0.52 	0.87 	1
-0.56 	0.74 	1
-0.66 	0.86 	1
-0.70 	0.74 	1
-0.59 	0.87 	1
-0.67 	0.92 	1
-0.68 	0.81 	1
-0.60 	0.84 	1
-0.50 	0.66 	1
-0.63 	0.69 	1
-0.65 	0.78 	1
-0.57 	0.87 	1
-0.67 	0.72 	1
-0.64 	0.77 	1
-0.61 	0.67 	1
-0.75 	0.74 	1
-0.63 	0.75 	1
-0.50 	0.87 	1
-0.57 	0.79 	1
-0.57 	0.88 	1
-0.50 	0.84 	1
-0.66 	0.76 	1
-0.72 	0.77 	1
-0.73 	0.78 	1
-0.78 	0.82 	1
-0.69 	0.83 	1
-0.58 	0.84 	1
-0.82 	0.83 	1
-0.70 	0.79 	1
-0.54 	0.71 	1
-0.54 	0.74 	1
-0.72 	0.77 	1
-0.74 	0.69 	1
-0.64 	0.68 	1
-0.61 	0.74 	1
-0.66 	0.75 	1
-0.68 	0.72 	1
-0.80 	0.77 	1
-0.74 	0.67 	1
-0.79 	0.61 	1
-0.81 	0.75 	1
-0.73 	0.72 	1
-0.68 	0.68 	1
-0.73 	0.78 	1
-0.78 	0.60 	1
-0.59 	0.74 	1
-0.61 	0.87 	1
-0.75 	0.76 	1
-0.60 	0.58 	1
-0.59 	0.74 	1
-0.80 	0.74 	1
-0.80 	0.63 	1
-0.60 	0.78 	1
-0.72 	0.66 	1
-0.76 	0.65 	1
-0.70 	0.71 	1
-0.74 	0.75 	1
-0.78 	0.63 	1
-0.77 	0.63 	1
-0.63 	0.64 	1
-0.66 	0.65 	1
-0.75 	0.70 	1
-0.73 	0.65 	1
-0.89 	0.50 	1
-0.71 	0.64 	1
-0.82 	0.66 	1
-0.70 	0.61 	1
-0.68 	0.72 	1
-0.70 	0.62 	1
-0.69 	0.77 	1
-0.74 	0.68 	1
-0.84 	0.75 	1
-0.65 	0.71 	1
-0.69 	0.83 	1
-0.75 	0.71 	1
-0.63 	0.64 	1
-0.78 	0.59 	1
-0.67 	0.68 	1
-0.74 	0.68 	1
-0.80 	0.61 	1
-0.80 	0.76 	1
-0.72 	0.70 	1
-0.81 	0.71 	1
-0.72 	0.52 	1
-0.76 	0.63 	1
-0.59 	0.54 	1
-0.85 	0.76 	1
-0.77 	0.63 	1
-0.86 	0.57 	1
-0.75 	0.67 	1
-0.95 	0.54 	1
-0.77 	0.63 	1
-0.75 	0.64 	1
-0.86 	0.67 	1
-0.78 	0.71 	1
-0.83 	0.68 	1
-0.79 	0.55 	1
-0.83 	0.48 	1
-0.89 	0.64 	1
-0.87 	0.60 	1
-0.75 	0.55 	1
-0.83 	0.51 	1
-0.79 	0.60 	1
-0.78 	0.71 	1
-0.69 	0.60 	1
-0.89 	0.60 	1
-0.91 	0.58 	1
-0.83 	0.57 	1
-0.96 	0.54 	1
-0.79 	0.57 	1
-0.67 	0.57 	1
-0.73 	0.53 	1
-0.99 	0.65 	1
-0.87 	0.66 	1
-0.79 	0.53 	1
-0.87 	0.46 	1
-0.96 	0.55 	1
-0.89 	0.68 	1
-0.81 	0.47 	1
-0.92 	0.67 	1
-0.82 	0.61 	1
-0.89 	0.58 	1
-0.74 	0.52 	1
-0.79 	0.47 	1
-0.88 	0.64 	1
-0.75 	0.49 	1
-0.75 	0.43 	1
-0.84 	0.63 	1
-0.88 	0.29 	1
-0.94 	0.57 	1
-0.81 	0.44 	1
-0.72 	0.45 	1
-0.85 	0.49 	1
-0.75 	0.56 	1
-0.69 	0.53 	1
-1.01 	0.46 	1
-0.93 	0.51 	1
-0.76 	0.53 	1
-0.90 	0.43 	1
-0.77 	0.54 	1
-0.95 	0.35 	1
-0.89 	0.59 	1
-0.98 	0.45 	1
-0.89 	0.49 	1
-0.87 	0.44 	1
-0.89 	0.46 	1
-0.97 	0.31 	1
-0.85 	0.36 	1
-0.81 	0.49 	1
-0.95 	0.42 	1
-0.96 	0.49 	1
-0.89 	0.42 	1
-1.11 	0.33 	1
-1.00 	0.45 	1
-0.82 	0.48 	1
-0.90 	0.44 	1
-0.90 	0.32 	1
-0.94 	0.34 	1
-0.93 	0.43 	1
-0.84 	0.44 	1
-0.94 	0.52 	1
-0.89 	0.38 	1
-0.92 	0.47 	1
-0.87 	0.45 	1
-0.90 	0.48 	1
-0.97 	0.40 	1
-0.88 	0.30 	1
-1.01 	0.47 	1
-0.90 	0.52 	1
-0.99 	0.46 	1
-0.92 	0.32 	1
-0.87 	0.33 	1
-0.81 	0.38 	1
-0.88 	0.36 	1
-0.93 	0.31 	1
-1.02 	0.45 	1
-1.04 	0.33 	1
-0.97 	0.43 	1
-1.00 	0.34 	1
-0.89 	0.35 	1
-0.96 	0.35 	1
-0.90 	0.32 	1
-1.08 	0.32 	1
-0.84 	0.31 	1
-0.92 	0.20 	1
-0.93 	0.36 	1
-0.99 	0.34 	1
-0.87 	0.23 	1
-0.94 	0.27 	1
-1.05 	0.32 	1
-1.01 	0.30 	1
-1.08 	0.41 	1
-0.88 	0.37 	1
-0.91 	0.26 	1
-0.95 	0.16 	1
-1.04 	0.27 	1
-0.84 	0.38 	1
-0.92 	0.34 	1
-0.89 	0.33 	1
-0.88 	0.41 	1
-0.86 	0.36 	1
-0.90 	0.29 	1
-0.86 	0.25 	1
-0.95 	0.24 	1
-0.91 	0.28 	1
-0.93 	0.34 	1
-1.01 	0.27 	1
-1.00 	0.32 	1
-0.79 	0.11 	1
-0.98 	0.23 	1
-0.87 	0.32 	1
-0.84 	0.21 	1
-1.02 	0.30 	1
-0.88 	0.27 	1
-1.01 	0.24 	1
-0.88 	0.30 	1
-0.90 	0.25 	1
-0.94 	0.26 	1
-1.03 	0.34 	1
-0.93 	0.19 	1
-1.01 	0.23 	1
-1.02 	0.27 	1
-1.12 	0.28 	1
-0.91 	0.38 	1
-0.97 	0.23 	1
-1.04 	0.31 	1
-0.94 	0.23 	1
-0.99 	0.33 	1
-1.11 	0.18 	1
-0.93 	0.18 	1
-0.93 	0.32 	1
-0.99 	0.16 	1
-1.01 	0.10 	1
-0.83 	0.29 	1
-0.96 	0.16 	1
-0.97 	0.19 	1
-1.01 	0.15 	1
-0.98 	0.22 	1
-0.92 	0.14 	1
-1.04 	0.18 	1
-1.01 	0.24 	1
-1.02 	0.13 	1
-0.96 	0.21 	1
-0.97 	0.19 	1
-0.92 	0.24 	1
-1.03 	0.01 	1
-1.01 	0.25 	1
-1.13 	0.23 	1
-0.97 	0.04 	1
-1.05 	0.22 	1
-0.90 	0.10 	1
-0.86 	0.08 	1
-0.90 	0.05 	1
-1.04 	0.15 	1
-0.95 	0.20 	1
-1.04 	0.20 	1
-0.88 	0.02 	1
-1.00 	0.08 	1
-0.99 	0.12 	1
-1.00 	0.10 	1
-1.10 	0.10 	1
-1.08 	0.05 	1
-1.20 	0.04 	1
-0.90 	0.09 	1
-1.02 	0.17 	1
-1.10 	0.14 	1
-1.05 	0.23 	1
-0.91 	0.09 	1
-1.01 	0.01 	1
-1.02 	0.12 	1
-0.92 	0.02 	1
-1.03 	0.16 	1
-0.95 	0.04 	1
-0.97 	0.09 	1
-1.15 	0.04 	1
-0.95 	0.19 	1
-0.94 	0.12 	1
-1.01 	0.10 	1
-0.94 	0.18 	1
-0.86 	0.14 	1
-1.03 	0.11 	1
-0.99 	0.04 	1
-0.86 	0.00 	1
-0.94 	0.09 	1
-1.10 	-0.07 	1
-0.97 	0.00 	1
-0.98 	0.01 	1
-1.02 	-0.02 	1
-1.01 	0.03 	1
-1.07 	0.03 	1
-1.02 	0.14 	1
-1.04 	0.21 	1
-1.00 	0.03 	1
-1.08 	0.03 	1
-1.07 	0.03 	1
-1.02 	0.09 	1
-1.04 	0.12 	1
-1.02 	-0.03 	1
-1.02 	-0.13 	1
-0.98 	0.00 	1
0.07 	0.39 	2
-0.07 	0.49 	2
0.02 	0.47 	2
0.06 	0.50 	2
-0.11 	0.48 	2
-0.03 	0.33 	2
0.03 	0.50 	2
0.00 	0.42 	2
-0.07 	0.37 	2
0.02 	0.46 	2
-0.06 	0.26 	2
0.05 	0.33 	2
-0.03 	0.40 	2
-0.01 	0.47 	2
-0.02 	0.42 	2
-0.08 	0.28 	2
-0.01 	0.34 	2
-0.02 	0.45 	2
-0.01 	0.37 	2
0.03 	0.23 	2
-0.05 	0.47 	2
-0.11 	0.41 	2
0.00 	0.40 	2
-0.01 	0.23 	2
0.02 	0.46 	2
0.10 	0.28 	2
-0.05 	0.39 	2
0.05 	0.41 	2
0.12 	0.43 	2
0.10 	0.23 	2
0.00 	0.26 	2
0.01 	0.29 	2
0.03 	0.12 	2
-0.02 	0.22 	2
0.13 	0.29 	2
0.16 	0.32 	2
0.04 	0.30 	2
0.07 	0.29 	2
-0.11 	0.34 	2
0.06 	0.19 	2
0.04 	0.27 	2
-0.04 	0.28 	2
0.07 	0.28 	2
0.04 	0.20 	2
0.04 	0.15 	2
0.05 	0.23 	2
0.05 	0.30 	2
0.12 	0.34 	2
0.11 	0.18 	2
-0.08 	0.25 	2
0.00 	0.21 	2
0.10 	0.20 	2
0.13 	0.16 	2
0.06 	0.25 	2
0.04 	0.08 	2
0.09 	0.28 	2
0.16 	0.15 	2
0.01 	0.15 	2
0.00 	0.04 	2
0.01 	0.15 	2
0.06 	0.20 	2
0.14 	0.16 	2
0.16 	0.07 	2
0.11 	0.16 	2
0.15 	0.32 	2
-0.01 	0.13 	2
0.00 	0.13 	2
0.08 	0.18 	2
0.12 	0.13 	2
0.04 	0.10 	2
0.00 	0.07 	2
0.07 	0.17 	2
0.07 	-0.01 	2
0.18 	-0.07 	2
0.02 	0.10 	2
0.03 	0.09 	2
0.22 	-0.01 	2
0.12 	-0.05 	2
0.24 	-0.02 	2
0.16 	0.06 	2
0.05 	-0.01 	2
0.15 	-0.03 	2
0.05 	0.00 	2
0.11 	0.06 	2
0.04 	-0.05 	2
-0.03 	-0.01 	2
0.18 	0.05 	2
0.20 	0.03 	2
0.15 	0.06 	2
0.22 	-0.09 	2
0.24 	-0.21 	2
0.13 	0.03 	2
0.16 	-0.13 	2
0.24 	0.08 	2
0.05 	-0.02 	2
0.18 	-0.13 	2
0.17 	-0.19 	2
0.15 	0.01 	2
0.20 	0.00 	2
0.20 	-0.04 	2
0.10 	-0.18 	2
0.18 	-0.15 	2
0.29 	-0.05 	2
0.20 	0.00 	2
0.26 	-0.08 	2
0.22 	-0.09 	2
0.18 	-0.09 	2
0.30 	-0.01 	2
0.20 	-0.11 	2
0.22 	-0.14 	2
0.28 	-0.17 	2
0.05 	-0.11 	2
0.12 	-0.14 	2
0.15 	-0.19 	2
0.23 	-0.19 	2
0.23 	-0.24 	2
0.25 	-0.38 	2
0.26 	-0.19 	2
0.27 	-0.19 	2
0.28 	-0.27 	2
0.31 	-0.16 	2
0.28 	-0.24 	2
0.27 	-0.23 	2
0.33 	-0.16 	2
0.31 	-0.25 	2
0.23 	-0.06 	2
0.35 	-0.33 	2
0.32 	-0.19 	2
0.33 	-0.25 	2
0.35 	-0.09 	2
0.35 	-0.20 	2
0.31 	-0.24 	2
0.40 	-0.21 	2
0.38 	-0.21 	2
0.36 	-0.26 	2
0.34 	-0.16 	2
0.40 	-0.34 	2
0.22 	-0.23 	2
0.35 	-0.29 	2
0.21 	-0.40 	2
0.38 	-0.35 	2
0.44 	-0.23 	2
0.35 	-0.20 	2
0.35 	-0.28 	2
0.47 	-0.31 	2
0.34 	-0.36 	2
0.39 	-0.30 	2
0.51 	-0.36 	2
0.42 	-0.24 	2
0.48 	-0.30 	2
0.47 	-0.39 	2
0.42 	-0.32 	2
0.41 	-0.30 	2
0.46 	-0.35 	2
0.36 	-0.42 	2
0.45 	-0.25 	2
0.52 	-0.38 	2
0.52 	-0.46 	2
0.48 	-0.44 	2
0.47 	-0.41 	2
0.36 	-0.46 	2
0.45 	-0.32 	2
0.60 	-0.29 	2
0.51 	-0.42 	2
0.41 	-0.28 	2
0.40 	-0.32 	2
0.51 	-0.41 	2
0.56 	-0.44 	2
0.57 	-0.46 	2
0.49 	-0.48 	2
0.48 	-0.34 	2
0.56 	-0.33 	2
0.49 	-0.34 	2
0.63 	-0.43 	2
0.58 	-0.30 	2
0.66 	-0.49 	2
0.63 	-0.32 	2
0.55 	-0.38 	2
0.59 	-0.53 	2
0.48 	-0.36 	2
0.59 	-0.37 	2
0.56 	-0.35 	2
0.56 	-0.51 	2
0.68 	-0.42 	2
0.39 	-0.37 	2
0.62 	-0.44 	2
0.58 	-0.36 	2
0.64 	-0.32 	2
0.58 	-0.38 	2
0.53 	-0.42 	2
0.72 	-0.46 	2
0.63 	-0.48 	2
0.67 	-0.44 	2
0.70 	-0.40 	2
0.63 	-0.45 	2
0.64 	-0.38 	2
0.66 	-0.49 	2
0.68 	-0.43 	2
0.69 	-0.55 	2
0.73 	-0.46 	2
0.66 	-0.42 	2
0.71 	-0.48 	2
0.65 	-0.40 	2
0.70 	-0.44 	2
0.65 	-0.58 	2
0.81 	-0.63 	2
0.78 	-0.50 	2
0.67 	-0.38 	2
0.79 	-0.42 	2
0.57 	-0.55 	2
0.69 	-0.56 	2
0.62 	-0.52 	2
0.79 	-0.57 	2
0.82 	-0.49 	2
0.73 	-0.45 	2
0.76 	-0.50 	2
0.75 	-0.35 	2
0.85 	-0.44 	2
0.91 	-0.56 	2
0.79 	-0.37 	2
0.77 	-0.67 	2
0.78 	-0.44 	2
0.87 	-0.52 	2
0.90 	-0.45 	2
0.86 	-0.61 	2
0.83 	-0.40 	2
0.92 	-0.50 	2
0.94 	-0.46 	2
0.91 	-0.45 	2
0.92 	-0.51 	2
1.03 	-0.47 	2
0.92 	-0.43 	2
0.86 	-0.53 	2
0.78 	-0.42 	2
0.95 	-0.44 	2
0.97 	-0.48 	2
0.89 	-0.35 	2
0.96 	-0.48 	2
0.89 	-0.51 	2
0.89 	-0.46 	2
0.94 	-0.59 	2
0.97 	-0.33 	2
0.91 	-0.49 	2
1.06 	-0.54 	2
0.97 	-0.57 	2
0.89 	-0.57 	2
1.02 	-0.49 	2
0.93 	-0.41 	2
0.97 	-0.42 	2
1.04 	-0.47 	2
0.92 	-0.51 	2
0.91 	-0.55 	2
0.88 	-0.48 	2
1.03 	-0.36 	2
1.02 	-0.47 	2
1.02 	-0.53 	2
0.90 	-0.46 	2
1.03 	-0.59 	2
1.12 	-0.61 	2
1.05 	-0.55 	2
1.08 	-0.47 	2
1.00 	-0.40 	2
1.19 	-0.41 	2
1.04 	-0.60 	2
1.15 	-0.44 	2
1.12 	-0.51 	2
1.05 	-0.45 	2
1.12 	-0.41 	2
1.13 	-0.53 	2
1.12 	-0.44 	2
1.09 	-0.49 	2
1.21 	-0.43 	2
1.07 	-0.53 	2
1.22 	-0.54 	2
1.00 	-0.49 	2
1.24 	-0.49 	2
1.19 	-0.46 	2
1.08 	-0.39 	2
1.15 	-0.50 	2
1.30 	-0.44 	2
1.00 	-0.52 	2
1.09 	-0.50 	2
1.24 	-0.43 	2
1.25 	-0.49 	2
1.19 	-0.54 	2
1.15 	-0.33 	2
1.13 	-0.37 	2
1.38 	-0.46 	2
1.31 	-0.62 	2
1.27 	-0.49 	2
1.24 	-0.57 	2
1.16 	-0.49 	2
1.34 	-0.50 	2
1.27 	-0.40 	2
1.16 	-0.47 	2
1.20 	-0.58 	2
1.28 	-0.45 	2
1.33 	-0.42 	2
1.32 	-0.50 	2
1.32 	-0.57 	2
1.30 	-0.45 	2
1.38 	-0.35 	2
1.28 	-0.36 	2
1.33 	-0.51 	2
1.35 	-0.52 	2
1.43 	-0.49 	2
1.47 	-0.49 	2
1.32 	-0.38 	2
1.32 	-0.48 	2
1.50 	-0.28 	2
1.34 	-0.34 	2
1.46 	-0.40 	2
1.43 	-0.57 	2
1.50 	-0.39 	2
1.31 	-0.41 	2
1.42 	-0.42 	2
1.36 	-0.46 	2
1.35 	-0.41 	2
1.43 	-0.49 	2
1.29 	-0.56 	2
1.46 	-0.40 	2
1.59 	-0.34 	2
1.47 	-0.40 	2
1.53 	-0.30 	2
1.38 	-0.36 	2
1.39 	-0.40 	2
1.58 	-0.44 	2
1.57 	-0.35 	2
1.56 	-0.29 	2
1.47 	-0.39 	2
1.51 	-0.33 	2
1.50 	-0.43 	2
1.41 	-0.31 	2
1.48 	-0.42 	2
1.50 	-0.37 	2
1.47 	-0.38 	2
1.58 	-0.42 	2
1.46 	-0.28 	2
1.55 	-0.42 	2
1.52 	-0.36 	2
1.60 	-0.22 	2
1.63 	-0.49 	2
1.59 	-0.34 	2
1.43 	-0.32 	2
1.64 	-0.38 	2
1.60 	-0.27 	2
1.66 	-0.32 	2
1.47 	-0.36 	2
1.58 	-0.20 	2
1.56 	-0.27 	2
1.59 	-0.37 	2
1.73 	-0.35 	2
1.47 	-0.45 	2
1.66 	-0.34 	2
1.65 	-0.23 	2
1.61 	-0.25 	2
1.63 	-0.31 	2
1.68 	-0.23 	2
1.60 	-0.16 	2
1.57 	-0.15 	2
1.67 	-0.20 	2
1.67 	-0.31 	2
1.59 	-0.28 	2
1.53 	-0.09 	2
1.76 	-0.32 	2
1.66 	-0.22 	2
1.73 	-0.27 	2
1.66 	-0.14 	2
1.72 	-0.18 	2
1.75 	-0.24 	2
1.68 	-0.29 	2
1.64 	-0.26 	2
1.69 	-0.22 	2
1.72 	-0.36 	2
1.73 	-0.25 	2
1.62 	-0.26 	2
1.76 	-0.27 	2
1.66 	-0.06 	2
1.78 	-0.05 	2
1.65 	-0.27 	2
1.84 	-0.16 	2
1.73 	-0.19 	2
1.75 	-0.08 	2
1.78 	-0.11 	2
1.79 	-0.06 	2
1.74 	-0.15 	2
1.75 	-0.10 	2
1.79 	-0.09 	2
1.80 	-0.19 	2
1.77 	-0.23 	2
1.66 	-0.27 	2
1.73 	-0.04 	2
1.68 	-0.14 	2
1.72 	0.03 	2
1.84 	-0.19 	2
1.77 	-0.12 	2
1.88 	-0.02 	2
1.93 	-0.08 	2
1.81 	-0.19 	2
1.81 	-0.13 	2
1.76 	-0.12 	2
1.87 	-0.13 	2
1.77 	-0.13 	2
1.82 	-0.03 	2
1.83 	0.06 	2
1.79 	-0.07 	2
1.88 	-0.07 	2
1.82 	-0.08 	2
1.80 	-0.10 	2
1.83 	-0.07 	2
1.91 	-0.05 	2
1.95 	-0.04 	2
1.86 	-0.04 	2
1.82 	-0.14 	2
1.85 	-0.05 	2
1.90 	0.04 	2
1.82 	-0.08 	2
1.98 	0.08 	2
1.79 	0.00 	2
1.73 	0.13 	2
1.87 	0.07 	2
1.83 	0.09 	2
1.89 	0.08 	2
1.70 	-0.12 	2
1.85 	0.11 	2
1.93 	-0.01 	2
1.86 	0.06 	2
1.75 	0.10 	2
1.93 	-0.02 	2
1.96 	0.07 	2
1.94 	-0.08 	2
1.94 	0.05 	2
1.78 	0.00 	2
1.89 	0.07 	2
1.94 	0.16 	2
1.90 	0.16 	2
2.00 	0.13 	2
2.02 	0.06 	2
1.89 	0.10 	2
1.81 	0.06 	2
2.01 	0.09 	2
1.87 	0.20 	2
1.81 	0.15 	2
1.82 	0.10 	2
2.09 	0.14 	2
1.87 	0.09 	2
1.89 	0.25 	2
1.85 	0.25 	2
1.91 	0.20 	2
2.01 	0.10 	2
1.99 	0.01 	2
1.85 	0.09 	2
1.82 	0.30 	2
1.95 	0.25 	2
1.99 	0.12 	2
1.90 	0.21 	2
1.91 	0.07 	2
2.09 	0.26 	2
1.81 	0.19 	2
2.06 	0.18 	2
1.94 	0.30 	2
2.05 	0.22 	2
2.10 	0.29 	2
1.94 	0.26 	2
2.02 	0.28 	2
2.07 	0.23 	2
1.95 	0.39 	2
2.07 	0.38 	2
2.01 	0.33 	2
1.98 	0.27 	2
1.93 	0.19 	2
2.05 	0.47 	2
2.10 	0.27 	2
1.97 	0.35 	2
1.96 	0.20 	2
1.96 	0.44 	2
1.94 	0.35 	2
1.91 	0.41 	2
1.99 	0.37 	2
1.82 	0.39 	2
2.02 	0.36 	2
2.02 	0.44 	2
1.94 	0.35 	2
2.18 	0.32 	2
1.94 	0.34 	2
2.00 	0.51 	2
1.88 	0.55 	2
1.86 	0.36 	2
1.98 	0.37 	2
2.11 	0.57 	2
1.95 	0.48 	2
1.97 	0.54 	2
2.04 	0.46 	2
1.96 	0.50 	2
2.08 	0.45 	2
2.02 	0.48 	2
2.10 	0.44 	2
1.97 	0.50 	2
1.93 	0.68 	2
1.85 	0.36 	2
2.01 	0.39 	2