-1.99 	0.00 	1
-1.95 	0.03 	1
-1.93 	-0.05 	1
-1.87 	-0.07 	1
-1.85 	0.01 	1
-1.81 	-0.11 	1
-1.78 	-0.03 	1
-1.76 	-0.19 	1
-1.74 	-0.04 	1
-1.73 	-0.09 	1
-1.72 	-0.03 	1
-1.71 	-0.22 	1
-1.71 	-0.14 	1
-1.69 	0.27 	1
-1.67 	-0.30 	1
-1.66 	0.10 	1
-1.64 	-0.31 	1
-1.63 	0.00 	1
-1.62 	0.09 	1
-1.62 	0.17 	1
-1.61 	-0.38 	1
-1.61 	0.35 	1
-1.60 	-0.20 	1
-1.60 	0.08 	1
-1.59 	0.36 	1
-1.59 	0.02 	1
-1.59 	0.36 	1
-1.58 	-0.11 	1
-1.57 	0.26 	1
-1.57 	-0.36 	1
-1.57 	0.38 	1
-1.56 	-0.25 	1
-1.56 	-0.28 	1
-1.55 	0.36 	1
-1.54 	0.24 	1
-1.54 	0.34 	1
-1.53 	0.23 	1
-1.53 	0.06 	1
-1.51 	-0.06 	1
-1.51 	-0.36 	1
-1.51 	0.49 	1
-1.50 	0.18 	1
-1.50 	-0.03 	1
-1.49 	0.45 	1
-1.48 	0.17 	1
-1.48 	-0.35 	1
-1.47 	0.50 	1
-1.46 	0.36 	1
-1.46 	0.43 	1
-1.45 	-0.18 	1
-1.44 	-0.01 	1
-1.44 	0.11 	1
-1.43 	0.22 	1
-1.43 	-0.30 	1
-1.42 	-0.22 	1
-1.41 	0.23 	1
-1.41 	0.18 	1
-1.40 	0.41 	1
-1.40 	-0.12 	1
-1.40 	0.14 	1
-1.39 	-0.55 	1
-1.38 	0.53 	1
-1.38 	-0.44 	1
-1.38 	0.32 	1
-1.37 	-0.07 	1
-1.37 	-0.52 	1
-1.35 	0.00 	1
-1.35 	0.60 	1
-1.34 	-0.06 	1
-1.33 	-0.32 	1
-1.33 	-0.01 	1
-1.33 	0.43 	1
-1.32 	-0.31 	1
-1.32 	-0.20 	1
-1.31 	0.00 	1
-1.31 	-0.57 	1
-1.30 	-0.35 	1
-1.29 	-0.34 	1
-1.29 	0.61 	1
-1.28 	0.55 	1
-1.27 	0.58 	1
-1.27 	-0.50 	1
-1.27 	0.45 	1
-1.27 	0.29 	1
-1.26 	-0.05 	1
-1.26 	0.00 	1
-1.26 	0.41 	1
-1.25 	-0.20 	1
-1.25 	0.44 	1
-1.25 	-0.55 	1
-1.24 	-0.45 	1
-1.24 	0.26 	1
-1.23 	0.60 	1
-1.23 	0.63 	1
-1.22 	-0.63 	1
-1.22 	-0.14 	1
-1.21 	-0.48 	1
-1.21 	0.38 	1
-1.21 	-0.65 	1
-1.20 	-0.11 	1
-1.20 	0.63 	1
-1.19 	0.62 	1
-1.19 	-0.11 	1
-1.19 	-0.02 	1
-1.18 	0.62 	1
-1.18 	-0.70 	1
-1.17 	0.07 	1
-1.17 	-0.66 	1
-1.16 	0.21 	1
-1.16 	-0.42 	1
-1.15 	-0.33 	1
-1.15 	-0.14 	1
-1.15 	-0.65 	1
-1.15 	-0.37 	1
-1.14 	0.63 	1
-1.14 	-0.42 	1
-1.14 	0.52 	1
-1.13 	0.55 	1
-1.12 	0.58 	1
-1.12 	-0.05 	1
-1.12 	0.62 	1
-1.11 	0.45 	1
-1.11 	0.04 	1
-1.11 	-0.70 	1
-1.11 	0.59 	1
-1.10 	-0.11 	1
-1.10 	0.58 	1
-1.10 	-0.02 	1
-1.10 	-0.55 	1
-1.09 	0.61 	1
-1.09 	-0.55 	1
-1.08 	-0.28 	1
-1.08 	-0.18 	1
-1.07 	0.56 	1
-1.07 	-0.92 	1
-1.07 	0.49 	1
-1.06 	-0.06 	1
-1.05 	0.08 	1
-1.05 	-0.19 	1
-1.05 	0.21 	1
-1.05 	-0.66 	1
-1.05 	-0.79 	1
-1.05 	-0.88 	1
-1.04 	-0.38 	1
-1.04 	-0.88 	1
-1.04 	-0.25 	1
-1.03 	-0.97 	1
-1.03 	0.13 	1
-1.03 	0.26 	1
-1.03 	0.04 	1
-1.02 	0.93 	1
-1.02 	0.94 	1
-1.02 	-0.81 	1
-1.01 	-0.21 	1
-1.01 	0.66 	1
-1.01 	-0.92 	1
-1.00 	0.64 	1
-1.00 	-0.77 	1
-1.00 	-0.86 	1
-1.00 	-0.42 	1
-0.99 	-0.71 	1
-0.99 	0.58 	1
-0.99 	-0.10 	1
-0.98 	-0.82 	1
-0.98 	0.33 	1
-0.98 	-0.20 	1
-0.98 	0.73 	1
-0.97 	-0.22 	1
-0.97 	-0.36 	1
-0.97 	0.47 	1
-0.97 	0.88 	1
-0.96 	0.74 	1
-0.96 	-0.17 	1
-0.96 	0.70 	1
-0.95 	0.82 	1
-0.95 	-0.88 	1
-0.95 	0.17 	1
-0.95 	-0.91 	1
-0.94 	-0.57 	1
-0.94 	0.01 	1
-0.94 	-0.36 	1
-0.93 	0.61 	1
-0.93 	-0.29 	1
-0.93 	0.01 	1
-0.92 	0.19 	1
-0.92 	-0.85 	1
-0.92 	-0.81 	1
-0.92 	0.31 	1
-0.91 	0.83 	1
-0.90 	-0.67 	1
-0.90 	0.43 	1
-0.90 	0.41 	1
-0.89 	0.36 	1
-0.89 	-0.37 	1
-0.89 	-0.10 	1
-0.89 	-0.30 	1
-0.88 	0.25 	1
-0.88 	0.28 	1
-0.87 	0.07 	1
-0.87 	-0.85 	1
-0.87 	-0.52 	1
-0.86 	0.71 	1
-0.86 	0.74 	1
-0.86 	0.17 	1
-0.86 	-0.69 	1
-0.85 	-0.17 	1
-0.85 	-0.72 	1
-0.84 	-0.73 	1
-0.84 	0.52 	1
-0.84 	-0.67 	1
-0.83 	0.18 	1
-0.83 	0.21 	1
-0.83 	-0.07 	1
-0.82 	-0.55 	1
-0.82 	0.37 	1
-0.82 	0.45 	1
-0.82 	-0.48 	1
-0.82 	0.02 	1
-0.81 	0.24 	1
-0.81 	-0.34 	1
-0.81 	0.79 	1
-0.81 	0.72 	1
-0.80 	0.45 	1
-0.80 	-0.28 	1
-0.80 	0.58 	1
-0.80 	0.77 	1
-0.79 	0.47 	1
-0.79 	0.13 	1
-0.79 	0.25 	1
-0.78 	-0.08 	1
-0.78 	0.57 	1
-0.78 	-0.64 	1
-0.77 	0.42 	1
-0.76 	0.11 	1
-0.76 	0.13 	1
-0.75 	-0.57 	1
-0.75 	0.46 	1
-0.75 	0.06 	1
-0.74 	-0.11 	1
-0.74 	-0.31 	1
-0.73 	0.35 	1
-0.72 	-0.56 	1
-0.72 	0.57 	1
-0.72 	0.23 	1
-0.71 	-0.17 	1
-0.70 	-0.32 	1
-0.69 	-0.28 	1
-0.69 	0.15 	1
-0.69 	0.14 	1
-0.68 	0.09 	1
-0.67 	0.25 	1
-0.67 	-0.56 	1
-0.67 	0.58 	1
-0.66 	0.39 	1
-0.66 	0.04 	1
-0.65 	0.46 	1
-0.65 	-0.01 	1
-0.64 	-0.62 	1
-0.64 	-0.38 	1
-0.64 	0.45 	1
-0.63 	-0.04 	1
-0.63 	0.08 	1
-0.62 	0.44 	1
-0.62 	0.24 	1
-0.61 	0.55 	1
-0.61 	-0.40 	1
-0.60 	-0.12 	1
-0.60 	-0.43 	1
-0.60 	0.35 	1
-0.59 	0.49 	1
-0.59 	0.23 	1
-0.58 	0.48 	1
-0.58 	0.12 	1
-0.57 	-0.22 	1
-0.57 	0.32 	1
-0.57 	0.02 	1
-0.56 	-0.47 	1
-0.55 	0.36 	1
-0.55 	-0.48 	1
-0.54 	-0.27 	1
-0.54 	0.49 	1
-0.53 	-0.13 	1
-0.52 	0.11 	1
-0.51 	0.45 	1
-0.50 	-0.44 	1
-0.50 	-0.27 	1
-0.50 	0.33 	1
-0.49 	0.38 	1
-0.48 	-0.14 	1
-0.48 	-0.45 	1
-0.47 	-0.21 	1
-0.46 	0.30 	1
-0.46 	0.36 	1
-0.45 	0.09 	1
-0.45 	-0.35 	1
-0.45 	-0.39 	1
-0.44 	0.16 	1
-0.43 	0.02 	1
-0.43 	0.40 	1
-0.42 	0.21 	1
-0.42 	-0.20 	1
-0.42 	0.31 	1
-0.41 	-0.07 	1
-0.40 	-0.28 	1
-0.39 	-0.20 	1
-0.37 	0.04 	1
-0.37 	-0.16 	1
-0.37 	-0.31 	1
-0.36 	-0.06 	1
-0.35 	-0.20 	1
-0.34 	0.00 	1
-0.34 	-0.31 	1
-0.33 	0.18 	1
-0.31 	0.09 	1
-0.31 	-0.30 	1
-0.30 	0.14 	1
-0.30 	0.11 	1
-0.29 	-0.06 	1
-0.27 	-0.04 	1
-0.26 	0.15 	1
-0.26 	0.22 	1
-0.23 	-0.05 	1
-0.23 	0.06 	1
-0.21 	0.17 	1
-0.20 	-0.20 	1
-0.18 	0.10 	1
-0.16 	0.06 	1
-0.15 	-0.07 	1
-0.14 	0.11 	1
-0.13 	-0.08 	1
-0.11 	0.06 	1
-0.10 	-0.07 	1
-0.10 	0.05 	1
0.04 	-0.01 	2
0.07 	-0.02 	2
0.10 	-0.05 	2
0.15 	0.08 	2
0.17 	0.14 	2
0.19 	0.17 	2
0.20 	0.12 	2
0.21 	-0.13 	2
0.21 	-0.07 	2
0.23 	-0.06 	2
0.24 	0.01 	2
0.25 	0.19 	2
0.25 	0.05 	2
0.27 	0.00 	2
0.28 	0.13 	2
0.29 	-0.27 	2
0.29 	0.16 	2
0.30 	-0.04 	2
0.33 	0.31 	2
0.34 	-0.29 	2
0.35 	-0.20 	2
0.35 	-0.28 	2
0.35 	0.35 	2
0.36 	-0.23 	2
0.37 	-0.03 	2
0.38 	-0.33 	2
0.38 	-0.28 	2
0.39 	0.30 	2
0.39 	-0.34 	2
0.40 	0.04 	2
0.41 	-0.38 	2
0.41 	0.14 	2
0.42 	0.07 	2
0.42 	-0.10 	2
0.43 	0.41 	2
0.44 	0.02 	2
0.45 	0.38 	2
0.46 	0.26 	2
0.46 	0.02 	2
0.47 	0.29 	2
0.48 	-0.23 	2
0.48 	-0.30 	2
0.48 	0.29 	2
0.49 	0.42 	2
0.49 	0.19 	2
0.50 	0.17 	2
0.51 	-0.50 	2
0.51 	-0.26 	2
0.52 	0.42 	2
0.53 	0.48 	2
0.53 	-0.09 	2
0.53 	0.43 	2
0.54 	-0.32 	2
0.54 	0.38 	2
0.55 	-0.10 	2
0.56 	0.31 	2
0.56 	0.41 	2
0.57 	0.04 	2
0.58 	0.22 	2
0.58 	0.01 	2
0.59 	-0.11 	2
0.60 	-0.23 	2
0.61 	0.43 	2
0.62 	0.24 	2
0.62 	0.57 	2
0.62 	-0.62 	2
0.63 	0.14 	2
0.64 	-0.61 	2
0.64 	0.08 	2
0.64 	0.14 	2
0.64 	0.64 	2
0.65 	-0.64 	2
0.66 	-0.55 	2
0.66 	-0.46 	2
0.67 	-0.20 	2
0.67 	0.14 	2
0.68 	-0.03 	2
0.68 	-0.27 	2
0.69 	0.42 	2
0.69 	0.02 	2
0.69 	-0.49 	2
0.70 	0.49 	2
0.71 	-0.36 	2
0.72 	-0.17 	2
0.72 	0.02 	2
0.73 	-0.08 	2
0.73 	-0.44 	2
0.74 	-0.49 	2
0.74 	-0.12 	2
0.75 	0.69 	2
0.75 	0.54 	2
0.75 	0.23 	2
0.75 	-0.27 	2
0.76 	-0.20 	2
0.76 	-0.65 	2
0.77 	0.16 	2
0.77 	-0.59 	2
0.78 	-0.07 	2
0.78 	0.06 	2
0.78 	0.67 	2
0.79 	-0.61 	2
0.79 	0.74 	2
0.80 	-0.23 	2
0.80 	0.08 	2
0.80 	0.07 	2
0.81 	0.26 	2
0.81 	0.35 	2
0.81 	0.16 	2
0.82 	-0.30 	2
0.83 	0.80 	2
0.83 	-0.52 	2
0.83 	0.74 	2
0.84 	-0.19 	2
0.84 	0.04 	2
0.84 	0.82 	2
0.85 	0.20 	2
0.85 	-0.75 	2
0.85 	-0.69 	2
0.86 	-0.41 	2
0.86 	-0.47 	2
0.86 	-0.73 	2
0.87 	-0.80 	2
0.87 	-0.14 	2
0.87 	-0.21 	2
0.87 	0.17 	2
0.88 	0.06 	2
0.88 	-0.39 	2
0.88 	0.43 	2
0.89 	0.47 	2
0.89 	-0.45 	2
0.89 	0.03 	2
0.90 	-0.79 	2
0.90 	-0.72 	2
0.90 	-0.69 	2
0.91 	-0.51 	2
0.92 	0.85 	2
0.92 	0.60 	2
0.92 	-0.33 	2
0.93 	-0.36 	2
0.93 	-0.66 	2
0.94 	0.40 	2
0.94 	0.60 	2
0.94 	0.65 	2
0.94 	-0.94 	2
0.95 	0.85 	2
0.95 	-0.46 	2
0.95 	-0.88 	2
0.96 	-0.46 	2
0.96 	-0.50 	2
0.96 	0.08 	2
0.96 	-0.14 	2
0.96 	-0.12 	2
0.97 	-0.81 	2
0.98 	0.30 	2
0.98 	-0.87 	2
0.98 	-0.01 	2
0.98 	0.10 	2
0.99 	-0.97 	2
0.99 	0.12 	2
0.99 	0.86 	2
1.00 	-0.37 	2
1.00 	-0.21 	2
1.00 	0.57 	2
1.00 	-0.39 	2
1.00 	-0.65 	2
1.01 	0.42 	2
1.01 	-0.95 	2
1.01 	-0.64 	2
1.01 	-0.60 	2
1.02 	-0.01 	2
1.02 	-0.57 	2
1.02 	-0.67 	2
1.02 	-0.72 	2
1.03 	0.60 	2
1.03 	0.15 	2
1.03 	-0.63 	2
1.04 	0.35 	2
1.04 	0.54 	2
1.04 	-0.46 	2
1.05 	-0.73 	2
1.05 	0.26 	2
1.05 	0.91 	2
1.05 	0.29 	2
1.06 	0.58 	2
1.06 	-0.71 	2
1.06 	0.62 	2
1.07 	-0.04 	2
1.08 	0.06 	2
1.08 	-0.51 	2
1.08 	-0.70 	2
1.09 	0.72 	2
1.09 	-0.36 	2
1.09 	0.71 	2
1.09 	-0.06 	2
1.10 	0.38 	2
1.10 	-0.06 	2
1.10 	0.21 	2
1.10 	0.54 	2
1.11 	-0.50 	2
1.11 	-0.84 	2
1.11 	-0.49 	2
1.12 	0.09 	2
1.12 	0.79 	2
1.12 	-0.85 	2
1.13 	0.64 	2
1.13 	0.38 	2
1.13 	-0.26 	2
1.13 	-0.58 	2
1.14 	0.58 	2
1.14 	-0.67 	2
1.14 	-0.68 	2
1.15 	-0.04 	2
1.15 	-0.80 	2
1.15 	0.16 	2
1.16 	-0.17 	2
1.16 	-0.69 	2
1.16 	0.83 	2
1.17 	-0.66 	2
1.17 	0.75 	2
1.17 	-0.14 	2
1.17 	0.11 	2
1.18 	-0.36 	2
1.18 	-0.46 	2
1.18 	-0.51 	2
1.19 	-0.35 	2
1.19 	0.67 	2
1.19 	-0.74 	2
1.20 	-0.63 	2
1.20 	-0.05 	2
1.20 	0.16 	2
1.21 	0.39 	2
1.21 	0.33 	2
1.21 	0.12 	2
1.22 	0.60 	2
1.23 	-0.52 	2
1.23 	-0.59 	2
1.23 	0.13 	2
1.23 	-0.32 	2
1.24 	0.56 	2
1.24 	-0.26 	2
1.24 	0.67 	2
1.24 	-0.67 	2
1.25 	0.73 	2
1.25 	0.66 	2
1.26 	-0.63 	2
1.26 	0.23 	2
1.27 	-0.67 	2
1.27 	0.63 	2
1.27 	-0.28 	2
1.28 	0.01 	2
1.29 	0.04 	2
1.30 	0.40 	2
1.30 	-0.05 	2
1.30 	-0.31 	2
1.30 	-0.30 	2
1.31 	-0.49 	2
1.31 	0.43 	2
1.32 	-0.02 	2
1.32 	0.64 	2
1.33 	-0.05 	2
1.33 	-0.56 	2
1.34 	0.27 	2
1.34 	0.45 	2
1.34 	-0.66 	2
1.35 	0.23 	2
1.36 	-0.45 	2
1.36 	0.43 	2
1.36 	0.43 	2
1.37 	-0.37 	2
1.37 	-0.48 	2
1.37 	0.26 	2
1.37 	0.48 	2
1.38 	-0.30 	2
1.39 	-0.53 	2
1.39 	-0.15 	2
1.39 	-0.32 	2
1.40 	0.24 	2
1.41 	0.20 	2
1.41 	0.15 	2
1.42 	0.29 	2
1.43 	-0.12 	2
1.43 	0.31 	2
1.43 	0.18 	2
1.43 	-0.37 	2
1.44 	0.48 	2
1.45 	-0.26 	2
1.46 	-0.42 	2
1.46 	0.24 	2
1.47 	-0.18 	2
1.48 	0.29 	2
1.48 	0.42 	2
1.49 	-0.41 	2
1.49 	0.22 	2
1.49 	0.02 	2
1.50 	-0.45 	2
1.50 	0.10 	2
1.51 	-0.34 	2
1.52 	0.47 	2
1.53 	-0.16 	2
1.53 	-0.25 	2
1.54 	0.25 	2
1.55 	-0.01 	2
1.55 	0.31 	2
1.56 	-0.33 	2
1.56 	0.00 	2
1.57 	-0.09 	2
1.57 	0.34 	2
1.58 	-0.33 	2
1.59 	-0.12 	2
1.60 	0.38 	2
1.60 	-0.34 	2
1.62 	0.15 	2
1.62 	0.10 	2
1.64 	0.14 	2
1.64 	0.30 	2
1.65 	0.15 	2
1.65 	-0.30 	2
1.66 	0.26 	2
1.67 	0.06 	2
1.67 	0.27 	2
1.68 	0.12 	2
1.68 	-0.22 	2
1.70 	0.28 	2
1.70 	-0.19 	2
1.71 	0.17 	2
1.72 	0.09 	2
1.72 	0.06 	2
1.76 	-0.21 	2
1.78 	-0.12 	2
1.80 	0.16 	2
1.82 	-0.01 	2
1.90 	0.08 	2
1.93 	0.06 	2
1.94 	-0.02 	2
2.06 	0.01 	3
2.11 	0.10 	3
2.15 	-0.09 	3
2.18 	0.17 	3
2.19 	-0.11 	3
2.20 	-0.15 	3
2.22 	0.09 	3
2.25 	-0.25 	3
2.25 	0.22 	3
2.26 	0.24 	3
2.27 	-0.21 	3
2.28 	-0.07 	3
2.29 	0.09 	3
2.30 	-0.28 	3
2.30 	0.05 	3
2.32 	0.26 	3
2.33 	0.08 	3
2.34 	-0.18 	3
2.35 	0.06 	3
2.35 	0.13 	3
2.36 	0.02 	3
2.37 	-0.27 	3
2.37 	-0.09 	3
2.39 	-0.07 	3
2.39 	0.09 	3
2.40 	0.04 	3
2.41 	0.21 	3
2.41 	-0.07 	3
2.42 	0.22 	3
2.42 	0.18 	3
2.43 	0.20 	3
2.43 	0.03 	3
2.44 	-0.25 	3
2.44 	-0.07 	3
2.44 	-0.20 	3
2.45 	-0.14 	3
2.46 	0.19 	3
2.47 	0.29 	3
2.48 	-0.17 	3
2.49 	-0.12 	3
2.50 	0.31 	3
2.50 	-0.06 	3
2.51 	0.29 	3
2.51 	0.36 	3
2.52 	0.34 	3
2.52 	0.12 	3
2.53 	0.20 	3
2.54 	-0.09 	3
2.54 	-0.39 	3
2.55 	0.54 	3
2.56 	0.04 	3
2.56 	0.06 	3
2.56 	0.53 	3
2.56 	0.51 	3
2.57 	0.55 	3
2.58 	-0.55 	3
2.59 	0.27 	3
2.59 	0.54 	3
2.59 	-0.30 	3
2.60 	-0.52 	3
2.61 	-0.61 	3
2.63 	0.11 	3
2.63 	0.54 	3
2.63 	-0.47 	3
2.64 	-0.47 	3
2.64 	-0.12 	3
2.64 	0.39 	3
2.65 	0.37 	3
2.66 	-0.16 	3
2.66 	-0.33 	3
2.67 	0.46 	3
2.68 	0.25 	3
2.69 	0.37 	3
2.69 	-0.56 	3
2.70 	-0.55 	3
2.70 	-0.70 	3
2.71 	-0.46 	3
2.71 	-0.17 	3
2.72 	0.04 	3
2.72 	0.65 	3
2.72 	-0.72 	3
2.73 	0.62 	3
2.73 	0.07 	3
2.74 	-0.73 	3
2.75 	-0.57 	3
2.76 	-0.27 	3
2.76 	0.59 	3
2.76 	-0.51 	3
2.77 	-0.56 	3
2.78 	0.06 	3
2.78 	0.17 	3
2.78 	-0.60 	3
2.78 	-0.64 	3
2.78 	-0.53 	3
2.78 	-0.45 	3
2.79 	0.41 	3
2.79 	0.37 	3
2.79 	-0.65 	3
2.79 	0.04 	3
2.79 	0.28 	3
2.80 	-0.26 	3
2.80 	-0.24 	3
2.81 	0.58 	3
2.81 	0.38 	3
2.81 	0.04 	3
2.82 	0.14 	3
2.82 	0.18 	3
2.83 	-0.33 	3
2.83 	0.69 	3
2.83 	0.49 	3
2.83 	-0.16 	3
2.84 	-0.14 	3
2.84 	-0.12 	3
2.85 	0.00 	3
2.85 	0.43 	3
2.86 	-0.43 	3
2.86 	-0.26 	3
2.86 	-0.77 	3
2.87 	0.76 	3
2.87 	-0.53 	3
2.87 	0.19 	3
2.87 	-0.80 	3
2.88 	0.14 	3
2.88 	0.64 	3
2.88 	-0.69 	3
2.89 	-0.24 	3
2.89 	0.45 	3
2.89 	0.18 	3
2.90 	0.21 	3
2.90 	-0.17 	3
2.90 	-0.68 	3
2.90 	0.52 	3
2.91 	0.61 	3
2.91 	0.65 	3
2.92 	0.26 	3
2.92 	0.35 	3
2.92 	0.73 	3
2.93 	0.41 	3
2.93 	-0.48 	3
2.93 	-0.65 	3
2.93 	-0.46 	3
2.94 	-0.41 	3
2.94 	0.29 	3
2.94 	-0.55 	3
2.94 	-0.54 	3
2.95 	0.10 	3
2.95 	0.32 	3
2.95 	-0.27 	3
2.96 	0.81 	3
2.96 	0.66 	3
2.96 	0.34 	3
2.96 	0.37 	3
2.97 	0.90 	3
2.97 	-0.51 	3
2.97 	-0.08 	3
2.97 	0.46 	3
2.98 	-0.28 	3
2.98 	0.46 	3
2.98 	0.01 	3
2.98 	-0.95 	3
2.98 	-0.54 	3
2.99 	0.22 	3
2.99 	0.43 	3
2.99 	0.75 	3
2.99 	-0.38 	3
3.00 	0.74 	3
3.00 	-0.68 	3
3.00 	0.37 	3
3.00 	-0.16 	3
3.01 	0.78 	3
3.01 	-0.90 	3
3.01 	-0.56 	3
3.02 	0.93 	3
3.02 	-0.44 	3
3.03 	-0.59 	3
3.03 	-0.67 	3
3.03 	-0.36 	3
3.04 	0.82 	3
3.04 	-0.54 	3
3.04 	-0.49 	3
3.05 	0.49 	3
3.05 	-0.07 	3
3.05 	-0.01 	3
3.05 	-0.12 	3
3.06 	-0.46 	3
3.06 	0.61 	3
3.06 	0.81 	3
3.07 	0.71 	3
3.07 	-0.03 	3
3.07 	-0.24 	3
3.07 	-0.29 	3
3.08 	0.17 	3
3.09 	0.16 	3
3.09 	-0.31 	3
3.09 	-0.46 	3
3.09 	0.36 	3
3.10 	-0.60 	3
3.10 	0.38 	3
3.10 	0.82 	3
3.11 	-0.55 	3
3.11 	0.06 	3
3.11 	0.35 	3
3.12 	0.80 	3
3.12 	0.46 	3
3.12 	0.49 	3
3.13 	-0.50 	3
3.13 	0.76 	3
3.13 	-0.21 	3
3.14 	0.43 	3
3.14 	-0.76 	3
3.15 	-0.65 	3
3.15 	0.27 	3
3.15 	-0.28 	3
3.15 	0.61 	3
3.16 	-0.43 	3
3.16 	0.14 	3
3.16 	-0.68 	3
3.17 	0.67 	3
3.18 	0.08 	3
3.18 	-0.60 	3
3.19 	0.54 	3
3.19 	0.78 	3
3.20 	-0.68 	3
3.20 	-0.74 	3
3.21 	-0.37 	3
3.22 	0.35 	3
3.22 	0.73 	3
3.23 	-0.72 	3
3.23 	0.75 	3
3.23 	0.12 	3
3.23 	0.52 	3
3.24 	0.72 	3
3.24 	-0.41 	3
3.24 	-0.32 	3
3.25 	0.33 	3
3.25 	0.73 	3
3.26 	0.36 	3
3.26 	-0.69 	3
3.26 	0.35 	3
3.26 	-0.60 	3
3.27 	-0.15 	3
3.27 	0.03 	3
3.27 	0.50 	3
3.27 	-0.62 	3
3.27 	0.53 	3
3.28 	0.15 	3
3.28 	-0.50 	3
3.29 	-0.28 	3
3.29 	-0.34 	3
3.30 	0.13 	3
3.30 	-0.03 	3
3.30 	0.06 	3
3.31 	-0.48 	3
3.31 	0.39 	3
3.32 	0.49 	3
3.32 	0.65 	3
3.33 	0.15 	3
3.33 	0.08 	3
3.33 	0.41 	3
3.34 	0.15 	3
3.35 	-0.64 	3
3.35 	0.54 	3
3.35 	-0.48 	3
3.36 	-0.60 	3
3.36 	0.60 	3
3.36 	-0.33 	3
3.37 	-0.55 	3
3.37 	-0.17 	3
3.38 	0.41 	3
3.38 	-0.35 	3
3.39 	0.42 	3
3.39 	0.45 	3
3.40 	-0.44 	3
3.40 	-0.30 	3
3.40 	0.19 	3
3.41 	-0.28 	3
3.41 	-0.57 	3
3.42 	-0.05 	3
3.42 	0.35 	3
3.42 	0.23 	3
3.43 	0.00 	3
3.44 	0.13 	3
3.45 	-0.50 	3
3.45 	-0.06 	3
3.46 	0.48 	3
3.47 	0.39 	3
3.48 	-0.13 	3
3.48 	-0.01 	3
3.48 	0.49 	3
3.49 	0.49 	3
3.50 	0.10 	3
3.51 	-0.39 	3
3.51 	-0.29 	3
3.52 	0.29 	3
3.52 	0.03 	3
3.53 	0.04 	3
3.53 	0.43 	3
3.54 	-0.09 	3
3.54 	-0.01 	3
3.54 	-0.35 	3
3.56 	-0.14 	3
3.57 	0.39 	3
3.57 	0.14 	3
3.59 	-0.04 	3
3.59 	-0.22 	3
3.60 	-0.29 	3
3.60 	0.22 	3
3.61 	0.31 	3
3.63 	-0.06 	3
3.63 	-0.07 	3
3.64 	0.19 	3
3.65 	0.05 	3
3.65 	-0.20 	3
3.67 	-0.06 	3
3.67 	0.07 	3
3.69 	0.00 	3
3.70 	-0.23 	3
3.71 	0.16 	3
3.72 	0.01 	3
3.73 	0.02 	3
3.74 	0.09 	3
3.75 	-0.02 	3
3.75 	0.02 	3
3.75 	-0.06 	3
3.77 	0.02 	3
3.79 	-0.05 	3
3.82 	-0.02 	3
3.83 	-0.15 	3
3.84 	0.02 	3
3.86 	-0.12 	3
3.88 	-0.04 	3
3.89 	-0.06 	3
3.94 	0.02 	3
-1.93 	2.06 	4
-1.91 	2.01 	4
-1.88 	1.94 	4
-1.87 	1.92 	4
-1.85 	2.11 	4
-1.84 	2.00 	4
-1.80 	2.20 	4
-1.78 	2.21 	4
-1.78 	2.00 	4
-1.76 	2.04 	4
-1.74 	1.81 	4
-1.72 	2.10 	4
-1.72 	1.83 	4
-1.71 	1.88 	4
-1.70 	1.84 	4
-1.69 	1.87 	4
-1.68 	2.29 	4
-1.67 	2.30 	4
-1.67 	1.94 	4
-1.65 	2.02 	4
-1.64 	2.26 	4
-1.63 	1.66 	4
-1.62 	2.17 	4
-1.61 	1.81 	4
-1.60 	2.06 	4
-1.59 	2.30 	4
-1.59 	2.39 	4
-1.59 	1.84 	4
-1.58 	1.93 	4
-1.57 	2.00 	4
-1.57 	1.68 	4
-1.56 	1.57 	4
-1.55 	1.59 	4
-1.55 	2.06 	4
-1.54 	1.65 	4
-1.53 	1.72 	4
-1.53 	1.68 	4
-1.52 	1.99 	4
-1.52 	1.85 	4
-1.51 	1.61 	4
-1.51 	1.58 	4
-1.50 	2.39 	4
-1.49 	1.62 	4
-1.48 	2.11 	4
-1.47 	2.38 	4
-1.47 	1.69 	4
-1.47 	1.51 	4
-1.47 	1.51 	4
-1.46 	1.86 	4
-1.45 	1.84 	4
-1.45 	1.51 	4
-1.44 	1.48 	4
-1.44 	1.49 	4
-1.43 	1.54 	4
-1.43 	2.19 	4
-1.43 	1.61 	4
-1.42 	2.48 	4
-1.42 	1.81 	4
-1.41 	1.85 	4
-1.41 	1.63 	4
-1.40 	2.34 	4
-1.40 	1.65 	4
-1.39 	2.05 	4
-1.39 	1.53 	4
-1.38 	1.73 	4
-1.37 	1.68 	4
-1.37 	1.83 	4
-1.36 	2.18 	4
-1.36 	1.85 	4
-1.35 	1.50 	4
-1.35 	1.98 	4
-1.34 	2.23 	4
-1.34 	2.35 	4
-1.33 	2.48 	4
-1.33 	2.62 	4
-1.32 	1.81 	4
-1.32 	1.57 	4
-1.31 	1.57 	4
-1.30 	2.22 	4
-1.30 	2.53 	4
-1.29 	2.13 	4
-1.29 	1.57 	4
-1.29 	2.50 	4
-1.28 	2.45 	4
-1.28 	1.77 	4
-1.26 	2.73 	4
-1.26 	2.13 	4
-1.25 	1.56 	4
-1.25 	2.65 	4
-1.25 	2.39 	4
-1.24 	1.95 	4
-1.24 	2.03 	4
-1.24 	1.36 	4
-1.23 	2.37 	4
-1.23 	2.49 	4
-1.22 	1.49 	4
-1.22 	1.70 	4
-1.22 	1.63 	4
-1.22 	2.39 	4
-1.21 	1.28 	4
-1.21 	1.80 	4
-1.20 	1.50 	4
-1.20 	2.20 	4
-1.20 	2.69 	4
-1.19 	2.35 	4
-1.19 	2.45 	4
-1.18 	1.93 	4
-1.18 	2.42 	4
-1.18 	2.21 	4
-1.18 	2.57 	4
-1.17 	1.80 	4
-1.17 	1.23 	4
-1.16 	1.56 	4
-1.16 	2.01 	4
-1.15 	2.29 	4
-1.15 	2.65 	4
-1.15 	2.43 	4
-1.15 	2.07 	4
-1.14 	2.32 	4
-1.14 	1.83 	4
-1.14 	1.89 	4
-1.13 	2.58 	4
-1.13 	2.54 	4
-1.12 	2.67 	4
-1.12 	1.36 	4
-1.11 	1.80 	4
-1.11 	1.23 	4
-1.11 	1.72 	4
-1.11 	1.90 	4
-1.09 	1.34 	4
-1.09 	1.44 	4
-1.09 	1.24 	4
-1.08 	2.84 	4
-1.08 	2.08 	4
-1.08 	2.80 	4
-1.08 	2.69 	4
-1.06 	2.70 	4
-1.06 	1.76 	4
-1.06 	1.62 	4
-1.06 	2.21 	4
-1.05 	2.54 	4
-1.05 	2.61 	4
-1.05 	2.49 	4
-1.04 	1.26 	4
-1.04 	2.43 	4
-1.04 	2.00 	4
-1.04 	1.23 	4
-1.03 	2.93 	4
-1.03 	2.16 	4
-1.03 	1.06 	4
-1.02 	1.09 	4
-1.02 	1.33 	4
-1.02 	2.06 	4
-1.02 	2.42 	4
-1.02 	2.53 	4
-1.02 	1.50 	4
-1.01 	2.48 	4
-1.01 	2.10 	4
-1.00 	1.68 	4
-1.00 	2.58 	4
-1.00 	1.31 	4
-0.99 	1.69 	4
-0.98 	2.97 	4
-0.98 	2.61 	4
-0.98 	2.28 	4
-0.98 	2.31 	4
-0.98 	2.17 	4
-0.97 	1.11 	4
-0.96 	2.13 	4
-0.96 	1.80 	4
-0.96 	1.11 	4
-0.96 	1.82 	4
-0.95 	2.00 	4
-0.95 	2.45 	4
-0.95 	1.17 	4
-0.94 	2.41 	4
-0.93 	1.70 	4
-0.93 	2.62 	4
-0.92 	2.58 	4
-0.92 	1.24 	4
-0.92 	2.65 	4
-0.92 	2.35 	4
-0.92 	2.47 	4
-0.91 	2.54 	4
-0.91 	1.88 	4
-0.91 	2.12 	4
-0.91 	2.87 	4
-0.90 	1.36 	4
-0.90 	2.30 	4
-0.90 	1.32 	4
-0.90 	1.51 	4
-0.89 	1.47 	4
-0.89 	1.94 	4
-0.89 	2.31 	4
-0.88 	1.18 	4
-0.87 	1.23 	4
-0.87 	1.15 	4
-0.86 	1.87 	4
-0.86 	2.08 	4
-0.86 	2.57 	4
-0.85 	2.58 	4
-0.85 	1.54 	4
-0.85 	2.31 	4
-0.85 	2.39 	4
-0.85 	1.66 	4
-0.85 	1.60 	4
-0.84 	1.43 	4
-0.84 	1.90 	4
-0.84 	2.36 	4
-0.83 	2.64 	4
-0.83 	2.82 	4
-0.83 	2.37 	4
-0.83 	1.61 	4
-0.82 	1.25 	4
-0.82 	1.61 	4
-0.82 	2.24 	4
-0.81 	1.98 	4
-0.81 	2.38 	4
-0.81 	2.21 	4
-0.81 	1.85 	4
-0.80 	2.71 	4
-0.80 	2.04 	4
-0.80 	2.07 	4
-0.79 	1.70 	4
-0.79 	1.83 	4
-0.79 	1.67 	4
-0.79 	1.78 	4
-0.78 	2.34 	4
-0.78 	2.40 	4
-0.78 	1.78 	4
-0.78 	1.74 	4
-0.77 	2.49 	4
-0.77 	1.44 	4
-0.76 	2.55 	4
-0.76 	1.40 	4
-0.75 	2.54 	4
-0.75 	2.36 	4
-0.75 	1.95 	4
-0.74 	1.98 	4
-0.74 	2.25 	4
-0.74 	2.21 	4
-0.73 	2.34 	4
-0.73 	1.59 	4
-0.72 	2.03 	4
-0.72 	1.87 	4
-0.72 	1.70 	4
-0.72 	1.93 	4
-0.71 	1.29 	4
-0.71 	2.63 	4
-0.70 	1.69 	4
-0.70 	2.18 	4
-0.70 	1.37 	4
-0.69 	2.65 	4
-0.69 	2.30 	4
-0.68 	2.41 	4
-0.68 	2.60 	4
-0.67 	1.75 	4
-0.67 	1.52 	4
-0.67 	1.68 	4
-0.67 	1.90 	4
-0.66 	2.34 	4
-0.66 	1.45 	4
-0.65 	2.58 	4
-0.65 	1.49 	4
-0.65 	1.68 	4
-0.64 	2.45 	4
-0.64 	1.71 	4
-0.63 	1.75 	4
-0.62 	1.86 	4
-0.62 	1.52 	4
-0.62 	1.78 	4
-0.61 	2.54 	4
-0.60 	1.44 	4
-0.60 	1.49 	4
-0.59 	2.17 	4
-0.59 	2.41 	4
-0.58 	2.02 	4
-0.58 	1.63 	4
-0.57 	2.00 	4
-0.57 	2.29 	4
-0.57 	1.60 	4
-0.56 	1.69 	4
-0.56 	2.38 	4
-0.55 	2.30 	4
-0.54 	2.30 	4
-0.54 	1.88 	4
-0.53 	2.18 	4
-0.53 	1.78 	4
-0.52 	1.72 	4
-0.51 	2.41 	4
-0.51 	2.10 	4
-0.50 	1.57 	4
-0.48 	2.07 	4
-0.48 	2.08 	4
-0.48 	1.78 	4
-0.47 	2.16 	4
-0.46 	2.20 	4
-0.46 	1.55 	4
-0.46 	1.93 	4
-0.44 	1.85 	4
-0.44 	2.06 	4
-0.44 	2.37 	4
-0.43 	2.04 	4
-0.43 	2.29 	4
-0.42 	2.19 	4
-0.41 	1.61 	4
-0.40 	2.13 	4
-0.39 	1.84 	4
-0.39 	2.01 	4
-0.39 	1.69 	4
-0.38 	1.92 	4
-0.37 	1.73 	4
-0.36 	2.35 	4
-0.36 	2.21 	4
-0.34 	1.86 	4
-0.33 	2.18 	4
-0.32 	1.96 	4
-0.31 	1.84 	4
-0.30 	1.78 	4
-0.28 	1.88 	4
-0.28 	2.24 	4
-0.27 	2.06 	4
-0.25 	2.09 	4
-0.24 	2.10 	4
-0.22 	2.08 	4
-0.21 	2.21 	4
-0.19 	2.04 	4
-0.19 	1.87 	4
-0.18 	1.99 	4
-0.16 	1.97 	4
-0.15 	2.12 	4
-0.11 	1.98 	4
-0.08 	2.02 	4
0.05 	2.02 	5
0.08 	1.97 	5
0.10 	2.06 	5
0.12 	1.97 	5
0.15 	1.99 	5
0.18 	2.11 	5
0.20 	1.86 	5
0.21 	2.16 	5
0.22 	1.84 	5
0.23 	2.18 	5
0.23 	2.22 	5
0.24 	2.23 	5
0.24 	1.90 	5
0.25 	2.20 	5
0.26 	2.10 	5
0.27 	1.94 	5
0.28 	2.13 	5
0.29 	1.85 	5
0.29 	2.14 	5
0.31 	2.21 	5
0.31 	2.26 	5
0.32 	1.95 	5
0.34 	2.24 	5
0.34 	1.93 	5
0.35 	1.82 	5
0.36 	2.27 	5
0.37 	2.29 	5
0.38 	2.04 	5
0.39 	1.82 	5
0.39 	1.78 	5
0.40 	1.74 	5
0.41 	1.64 	5
0.41 	2.18 	5
0.42 	1.92 	5
0.43 	1.91 	5
0.44 	1.64 	5
0.44 	2.11 	5
0.46 	1.88 	5
0.47 	1.98 	5
0.47 	1.71 	5
0.47 	1.76 	5
0.48 	1.90 	5
0.49 	2.13 	5
0.49 	1.95 	5
0.50 	1.89 	5
0.51 	2.47 	5
0.51 	2.47 	5
0.52 	1.69 	5
0.52 	1.51 	5
0.52 	2.27 	5
0.53 	2.13 	5
0.53 	2.50 	5
0.54 	2.19 	5
0.54 	1.64 	5
0.54 	1.64 	5
0.55 	2.39 	5
0.55 	2.25 	5
0.56 	1.88 	5
0.56 	2.39 	5
0.57 	1.87 	5
0.58 	1.97 	5
0.58 	2.36 	5
0.58 	2.32 	5
0.58 	2.48 	5
0.59 	1.68 	5
0.59 	2.12 	5
0.60 	2.21 	5
0.60 	2.40 	5
0.61 	2.01 	5
0.61 	1.54 	5
0.62 	1.83 	5
0.62 	1.52 	5
0.62 	1.84 	5
0.63 	1.44 	5
0.63 	2.31 	5
0.63 	2.41 	5
0.64 	1.69 	5
0.64 	2.26 	5
0.64 	2.49 	5
0.65 	2.59 	5
0.65 	2.40 	5
0.65 	2.24 	5
0.65 	1.67 	5
0.66 	1.87 	5
0.66 	1.70 	5
0.66 	1.87 	5
0.67 	1.44 	5
0.67 	2.11 	5
0.68 	2.37 	5
0.68 	2.13 	5
0.69 	2.12 	5
0.70 	1.79 	5
0.70 	2.66 	5
0.72 	2.66 	5
0.72 	1.79 	5
0.73 	1.91 	5
0.73 	2.09 	5
0.73 	1.50 	5
0.73 	1.41 	5
0.74 	2.06 	5
0.76 	1.51 	5
0.76 	1.31 	5
0.76 	1.84 	5
0.76 	2.31 	5
0.77 	1.89 	5
0.77 	1.95 	5
0.78 	1.84 	5
0.78 	1.61 	5
0.79 	2.36 	5
0.79 	1.54 	5
0.79 	2.00 	5
0.80 	2.60 	5
0.81 	2.73 	5
0.81 	2.11 	5
0.81 	2.14 	5
0.81 	2.78 	5
0.82 	1.43 	5
0.82 	2.72 	5
0.83 	1.25 	5
0.83 	1.77 	5
0.83 	2.79 	5
0.84 	2.13 	5
0.84 	1.29 	5
0.85 	1.55 	5
0.86 	2.69 	5
0.86 	2.85 	5
0.86 	1.22 	5
0.87 	2.11 	5
0.87 	2.79 	5
0.88 	1.95 	5
0.88 	1.47 	5
0.88 	2.34 	5
0.88 	1.21 	5
0.89 	2.86 	5
0.89 	1.13 	5
0.90 	1.58 	5
0.90 	2.74 	5
0.90 	1.40 	5
0.91 	2.55 	5
0.91 	2.04 	5
0.91 	1.89 	5
0.92 	1.76 	5
0.92 	2.35 	5
0.92 	2.65 	5
0.93 	2.21 	5
0.93 	1.39 	5
0.94 	1.51 	5
0.94 	2.80 	5
0.94 	1.57 	5
0.95 	2.84 	5
0.95 	1.26 	5
0.95 	2.73 	5
0.96 	1.63 	5
0.96 	1.22 	5
0.96 	2.95 	5
0.97 	2.63 	5
0.97 	1.16 	5
0.98 	2.43 	5
0.98 	1.64 	5
0.98 	2.64 	5
0.98 	1.87 	5
0.99 	2.75 	5
0.99 	2.12 	5
1.00 	2.14 	5
1.00 	2.46 	5
1.00 	2.72 	5
1.01 	1.72 	5
1.01 	1.32 	5
1.01 	2.68 	5
1.02 	1.75 	5
1.02 	1.55 	5
1.02 	1.87 	5
1.02 	2.71 	5
1.03 	2.11 	5
1.03 	1.78 	5
1.03 	1.43 	5
1.03 	1.84 	5
1.04 	2.15 	5
1.04 	1.66 	5
1.04 	1.78 	5
1.05 	2.89 	5
1.05 	2.22 	5
1.05 	1.73 	5
1.05 	2.17 	5
1.06 	2.49 	5
1.06 	2.42 	5
1.07 	1.35 	5
1.07 	2.53 	5
1.07 	1.58 	5
1.07 	2.27 	5
1.08 	1.38 	5
1.08 	2.69 	5
1.08 	2.79 	5
1.09 	1.12 	5
1.09 	1.17 	5
1.09 	1.20 	5
1.10 	2.88 	5
1.10 	1.61 	5
1.11 	1.94 	5
1.11 	1.88 	5
1.12 	2.22 	5
1.12 	1.58 	5
1.13 	1.46 	5
1.13 	1.31 	5
1.14 	2.33 	5
1.14 	2.52 	5
1.15 	1.18 	5
1.15 	2.74 	5
1.15 	1.41 	5
1.16 	2.10 	5
1.16 	1.42 	5
1.17 	1.84 	5
1.17 	2.40 	5
1.17 	1.65 	5
1.18 	2.67 	5
1.18 	2.48 	5
1.18 	1.89 	5
1.19 	1.28 	5
1.19 	1.94 	5
1.19 	2.72 	5
1.19 	2.12 	5
1.20 	2.24 	5
1.20 	1.95 	5
1.21 	2.42 	5
1.21 	1.79 	5
1.21 	2.25 	5
1.22 	1.33 	5
1.22 	1.26 	5
1.23 	2.06 	5
1.23 	2.36 	5
1.23 	1.48 	5
1.23 	1.32 	5
1.24 	1.48 	5
1.24 	1.89 	5
1.25 	1.44 	5
1.25 	1.70 	5
1.25 	2.75 	5
1.25 	1.34 	5
1.25 	2.65 	5
1.26 	1.79 	5
1.26 	2.24 	5
1.27 	1.55 	5
1.27 	1.29 	5
1.28 	1.78 	5
1.28 	1.78 	5
1.29 	1.40 	5
1.29 	1.82 	5
1.29 	1.68 	5
1.30 	1.84 	5
1.30 	2.42 	5
1.30 	1.74 	5
1.31 	2.13 	5
1.31 	2.57 	5
1.32 	1.40 	5
1.32 	1.58 	5
1.33 	1.68 	5
1.35 	1.84 	5
1.35 	2.03 	5
1.36 	2.63 	5
1.36 	1.63 	5
1.37 	1.76 	5
1.37 	1.39 	5
1.38 	2.33 	5
1.38 	2.28 	5
1.38 	2.10 	5
1.38 	2.47 	5
1.39 	2.04 	5
1.39 	1.98 	5
1.39 	2.04 	5
1.39 	1.97 	5
1.40 	2.50 	5
1.41 	1.58 	5
1.41 	2.48 	5
1.41 	1.43 	5
1.43 	2.06 	5
1.43 	2.44 	5
1.43 	1.82 	5
1.44 	1.80 	5
1.44 	2.38 	5
1.45 	2.51 	5
1.45 	1.83 	5
1.45 	1.70 	5
1.46 	1.62 	5
1.46 	2.37 	5
1.47 	2.27 	5
1.47 	2.29 	5
1.47 	1.92 	5
1.47 	1.99 	5
1.48 	2.08 	5
1.48 	1.63 	5
1.48 	1.54 	5
1.49 	2.03 	5
1.50 	2.36 	5
1.50 	2.10 	5
1.50 	1.99 	5
1.50 	1.81 	5
1.51 	2.39 	5
1.52 	1.84 	5
1.53 	1.54 	5
1.53 	2.05 	5
1.54 	2.44 	5
1.54 	2.03 	5
1.55 	1.68 	5
1.57 	1.75 	5
1.57 	2.34 	5
1.58 	1.64 	5
1.59 	2.28 	5
1.60 	1.95 	5
1.60 	2.22 	5
1.62 	2.25 	5
1.62 	1.69 	5
1.63 	1.86 	5
1.63 	2.20 	5
1.65 	2.17 	5
1.66 	2.33 	5
1.67 	1.86 	5
1.67 	2.03 	5
1.67 	1.70 	5
1.68 	1.72 	5
1.70 	1.95 	5
1.70 	2.18 	5
1.71 	2.24 	5
1.73 	1.86 	5
1.73 	2.11 	5
1.75 	1.78 	5
1.76 	2.09 	5
1.76 	1.78 	5
1.79 	1.86 	5
1.79 	1.93 	5
1.80 	2.19 	5
1.83 	2.13 	5
1.85 	2.10 	5
1.89 	1.98 	5
1.97 	2.00 	5
2.08 	2.07 	6
2.13 	2.04 	6
2.14 	2.13 	6
2.15 	2.08 	6
2.17 	1.89 	6
2.20 	1.97 	6
2.21 	2.05 	6
2.22 	1.95 	6
2.23 	2.03 	6
2.24 	1.76 	6
2.25 	1.86 	6
2.26 	2.09 	6
2.27 	1.90 	6
2.29 	2.04 	6
2.30 	2.30 	6
2.31 	1.73 	6
2.31 	2.20 	6
2.31 	2.18 	6
2.35 	1.98 	6
2.35 	2.12 	6
2.35 	1.92 	6
2.36 	1.90 	6
2.38 	1.86 	6
2.39 	1.64 	6
2.40 	1.97 	6
2.41 	1.75 	6
2.41 	2.33 	6
2.42 	1.67 	6
2.43 	2.06 	6
2.43 	1.89 	6
2.43 	2.41 	6
2.44 	1.65 	6
2.45 	2.20 	6
2.45 	1.82 	6
2.46 	2.26 	6
2.46 	1.84 	6
2.47 	2.14 	6
2.49 	1.64 	6
2.50 	2.45 	6
2.50 	2.20 	6
2.51 	2.28 	6
2.52 	1.84 	6
2.53 	2.06 	6
2.54 	2.47 	6
2.55 	1.96 	6
2.55 	2.55 	6
2.55 	2.16 	6
2.56 	2.09 	6
2.57 	2.05 	6
2.58 	1.97 	6
2.59 	2.21 	6
2.59 	1.54 	6
2.60 	1.43 	6
2.60 	1.81 	6
2.61 	2.09 	6
2.61 	2.57 	6
2.62 	1.54 	6
2.63 	1.81 	6
2.63 	2.56 	6
2.63 	1.60 	6
2.64 	1.41 	6
2.64 	1.94 	6
2.64 	1.67 	6
2.65 	1.85 	6
2.65 	1.55 	6
2.65 	1.59 	6
2.66 	1.45 	6
2.66 	2.09 	6
2.66 	1.46 	6
2.67 	2.07 	6
2.68 	2.57 	6
2.68 	2.62 	6
2.68 	2.34 	6
2.68 	1.55 	6
2.68 	2.32 	6
2.69 	2.46 	6
2.69 	1.51 	6
2.69 	2.56 	6
2.70 	1.71 	6
2.70 	2.55 	6
2.70 	1.63 	6
2.71 	2.08 	6
2.71 	2.40 	6
2.71 	2.37 	6
2.72 	2.69 	6
2.72 	1.98 	6
2.72 	1.87 	6
2.73 	1.36 	6
2.73 	2.68 	6
2.73 	2.44 	6
2.74 	1.32 	6
2.75 	2.11 	6
2.75 	2.15 	6
2.76 	1.93 	6
2.76 	1.92 	6
2.76 	2.48 	6
2.76 	1.64 	6
2.77 	1.76 	6
2.77 	2.06 	6
2.77 	1.87 	6
2.78 	1.78 	6
2.78 	2.35 	6
2.78 	2.76 	6
2.78 	2.60 	6
2.79 	2.47 	6
2.79 	2.25 	6
2.80 	1.44 	6
2.80 	2.77 	6
2.80 	1.34 	6
2.81 	1.45 	6
2.81 	2.38 	6
2.81 	2.40 	6
2.82 	1.34 	6
2.82 	1.70 	6
2.82 	1.91 	6
2.83 	2.64 	6
2.83 	1.29 	6
2.83 	1.75 	6
2.83 	2.52 	6
2.84 	1.62 	6
2.85 	2.45 	6
2.85 	2.63 	6
2.85 	1.64 	6
2.86 	2.85 	6
2.86 	2.38 	6
2.86 	1.54 	6
2.86 	2.42 	6
2.87 	2.12 	6
2.87 	2.47 	6
2.88 	2.42 	6
2.88 	1.73 	6
2.88 	1.21 	6
2.88 	1.65 	6
2.89 	1.20 	6
2.89 	2.38 	6
2.89 	1.27 	6
2.90 	1.93 	6
2.90 	2.34 	6
2.90 	2.88 	6
2.91 	2.18 	6
2.91 	2.72 	6
2.91 	1.42 	6
2.92 	2.26 	6
2.92 	1.81 	6
2.92 	2.65 	6
2.92 	2.76 	6
2.93 	2.09 	6
2.94 	2.72 	6
2.94 	1.31 	6
2.94 	1.36 	6
2.95 	2.70 	6
2.95 	2.16 	6
2.95 	2.17 	6
2.96 	1.64 	6
2.96 	2.26 	6
2.96 	2.04 	6
2.97 	2.33 	6
2.97 	1.57 	6
2.97 	2.19 	6
2.97 	2.84 	6
2.98 	1.51 	6
2.98 	2.77 	6
2.98 	1.30 	6
2.98 	2.58 	6
2.99 	1.92 	6
2.99 	2.50 	6
2.99 	1.24 	6
2.99 	2.40 	6
2.99 	2.42 	6
3.00 	1.86 	6
3.00 	1.47 	6
3.01 	1.39 	6
3.01 	2.69 	6
3.01 	1.84 	6
3.01 	2.20 	6
3.02 	1.47 	6
3.02 	1.09 	6
3.02 	2.33 	6
3.02 	2.32 	6
3.02 	2.89 	6
3.03 	1.27 	6
3.03 	2.07 	6
3.03 	2.86 	6
3.04 	2.70 	6
3.04 	2.19 	6
3.05 	2.14 	6
3.05 	1.34 	6
3.05 	1.17 	6
3.06 	2.08 	6
3.07 	1.97 	6
3.07 	1.66 	6
3.08 	1.20 	6
3.08 	1.20 	6
3.08 	2.88 	6
3.08 	2.06 	6
3.08 	2.55 	6
3.09 	1.76 	6
3.09 	2.40 	6
3.09 	2.33 	6
3.10 	1.23 	6
3.10 	2.66 	6
3.10 	1.57 	6
3.11 	1.78 	6
3.11 	1.20 	6
3.11 	1.94 	6
3.12 	2.05 	6
3.12 	2.46 	6
3.13 	2.64 	6
3.13 	1.77 	6
3.13 	1.26 	6
3.13 	1.48 	6
3.13 	2.43 	6
3.14 	2.15 	6
3.14 	1.66 	6
3.14 	1.29 	6
3.15 	2.06 	6
3.15 	2.63 	6
3.16 	2.58 	6
3.16 	2.11 	6
3.17 	1.29 	6
3.17 	1.22 	6
3.17 	1.84 	6
3.17 	2.81 	6
3.17 	2.01 	6
3.18 	1.96 	6
3.18 	1.80 	6
3.18 	2.55 	6
3.19 	1.64 	6
3.19 	1.45 	6
3.20 	2.04 	6
3.20 	2.28 	6
3.20 	1.96 	6
3.21 	1.54 	6
3.21 	1.72 	6
3.21 	1.26 	6
3.22 	1.36 	6
3.22 	1.80 	6
3.22 	2.73 	6
3.23 	1.45 	6
3.23 	1.95 	6
3.24 	1.50 	6
3.24 	2.27 	6
3.24 	2.62 	6
3.25 	1.62 	6
3.25 	1.36 	6
3.25 	2.45 	6
3.25 	2.60 	6
3.26 	2.58 	6
3.26 	2.19 	6
3.27 	1.34 	6
3.27 	2.60 	6
3.27 	2.29 	6
3.28 	1.83 	6
3.28 	1.36 	6
3.29 	2.28 	6
3.30 	2.63 	6
3.30 	1.61 	6
3.31 	2.40 	6
3.31 	2.26 	6
3.31 	1.42 	6
3.32 	2.48 	6
3.32 	2.12 	6
3.33 	2.41 	6
3.33 	1.90 	6
3.33 	1.48 	6
3.34 	1.58 	6
3.34 	1.58 	6
3.34 	2.08 	6
3.35 	2.03 	6
3.35 	2.26 	6
3.35 	1.52 	6
3.36 	2.25 	6
3.37 	1.79 	6
3.37 	2.00 	6
3.37 	1.44 	6
3.38 	2.43 	6
3.38 	1.45 	6
3.39 	2.29 	6
3.39 	1.81 	6
3.40 	1.85 	6
3.40 	2.01 	6
3.41 	1.43 	6
3.41 	2.42 	6
3.42 	1.99 	6
3.42 	1.93 	6
3.43 	1.81 	6
3.45 	1.78 	6
3.45 	2.34 	6
3.46 	1.47 	6
3.46 	1.73 	6
3.47 	1.59 	6
3.47 	1.68 	6
3.47 	1.93 	6
3.49 	1.67 	6
3.50 	2.31 	6
3.50 	1.86 	6
3.50 	1.89 	6
3.52 	1.90 	6
3.53 	2.34 	6
3.53 	1.60 	6
3.54 	1.75 	6
3.55 	1.68 	6
3.56 	2.40 	6
3.57 	2.10 	6
3.58 	1.87 	6
3.59 	1.98 	6
3.59 	2.13 	6
3.60 	1.67 	6
3.60 	1.96 	6
3.61 	1.90 	6
3.62 	1.93 	6
3.62 	1.80 	6
3.63 	1.76 	6
3.64 	1.95 	6
3.66 	2.29 	6
3.68 	2.07 	6
3.68 	1.69 	6
3.69 	2.01 	6
3.69 	1.97 	6
3.70 	1.82 	6
3.71 	1.88 	6
3.71 	2.26 	6
3.73 	2.10 	6
3.74 	2.10 	6
3.75 	1.90 	6
3.76 	2.21 	6
3.79 	1.94 	6
3.82 	2.04 	6
3.82 	2.05 	6
3.83 	2.06 	6
3.87 	2.05 	6
3.89 	1.90 	6
3.92 	2.06 	6
-1.94 	4.01 	7
-1.91 	3.92 	7
-1.89 	4.03 	7
-1.86 	4.03 	7
-1.83 	4.12 	7
-1.81 	3.94 	7
-1.80 	4.03 	7
-1.78 	4.20 	7
-1.77 	4.12 	7
-1.76 	3.85 	7
-1.75 	4.12 	7
-1.75 	3.84 	7
-1.74 	3.83 	7
-1.73 	4.16 	7
-1.72 	4.13 	7
-1.71 	4.03 	7
-1.67 	3.77 	7
-1.66 	4.03 	7
-1.66 	4.26 	7
-1.65 	3.75 	7
-1.64 	3.90 	7
-1.64 	3.66 	7
-1.63 	3.67 	7
-1.62 	3.77 	7
-1.61 	4.04 	7
-1.61 	4.18 	7
-1.61 	3.64 	7
-1.59 	3.86 	7
-1.58 	4.04 	7
-1.57 	4.24 	7
-1.56 	4.43 	7
-1.55 	3.99 	7
-1.54 	3.97 	7
-1.53 	4.18 	7
-1.53 	3.96 	7
-1.52 	4.37 	7
-1.52 	4.16 	7
-1.51 	4.08 	7
-1.50 	4.35 	7
-1.50 	3.74 	7
-1.49 	4.40 	7
-1.48 	3.98 	7
-1.48 	4.14 	7
-1.48 	3.86 	7
-1.48 	4.28 	7
-1.47 	4.46 	7
-1.47 	3.77 	7
-1.46 	4.25 	7
-1.45 	3.93 	7
-1.45 	3.88 	7
-1.44 	3.50 	7
-1.44 	3.98 	7
-1.44 	3.45 	7
-1.43 	4.24 	7
-1.42 	3.49 	7
-1.42 	3.97 	7
-1.41 	3.86 	7
-1.40 	4.05 	7
-1.40 	3.43 	7
-1.39 	3.60 	7
-1.39 	4.10 	7
-1.38 	3.68 	7
-1.37 	4.12 	7
-1.37 	4.29 	7
-1.36 	3.75 	7
-1.36 	4.31 	7
-1.35 	3.90 	7
-1.34 	3.82 	7
-1.34 	3.85 	7
-1.34 	3.60 	7
-1.34 	4.23 	7
-1.33 	4.52 	7
-1.33 	4.62 	7
-1.32 	3.68 	7
-1.32 	4.00 	7
-1.31 	4.43 	7
-1.31 	4.60 	7
-1.30 	4.58 	7
-1.30 	4.37 	7
-1.30 	4.02 	7
-1.29 	4.36 	7
-1.28 	4.33 	7
-1.28 	4.60 	7
-1.28 	3.71 	7
-1.27 	3.31 	7
-1.27 	4.72 	7
-1.27 	3.82 	7
-1.26 	3.84 	7
-1.26 	4.24 	7
-1.26 	4.57 	7
-1.26 	3.35 	7
-1.25 	4.62 	7
-1.25 	3.41 	7
-1.25 	3.33 	7
-1.24 	3.34 	7
-1.24 	4.25 	7
-1.23 	3.34 	7
-1.23 	3.49 	7
-1.23 	4.33 	7
-1.23 	4.54 	7
-1.23 	4.56 	7
-1.22 	3.40 	7
-1.22 	3.63 	7
-1.22 	4.51 	7
-1.21 	3.89 	7
-1.21 	3.23 	7
-1.21 	4.33 	7
-1.20 	3.75 	7
-1.20 	4.04 	7
-1.20 	4.52 	7
-1.20 	3.37 	7
-1.19 	3.24 	7
-1.19 	3.86 	7
-1.18 	3.66 	7
-1.18 	4.45 	7
-1.18 	4.21 	7
-1.18 	4.70 	7
-1.17 	4.73 	7
-1.16 	3.55 	7
-1.16 	4.35 	7
-1.16 	3.71 	7
-1.15 	4.43 	7
-1.15 	4.55 	7
-1.15 	3.92 	7
-1.15 	3.35 	7
-1.14 	3.22 	7
-1.14 	4.09 	7
-1.14 	4.70 	7
-1.14 	4.09 	7
-1.13 	4.86 	7
-1.13 	3.55 	7
-1.12 	3.34 	7
-1.12 	3.33 	7
-1.11 	3.29 	7
-1.11 	3.90 	7
-1.11 	3.95 	7
-1.10 	3.25 	7
-1.10 	4.61 	7
-1.10 	4.56 	7
-1.10 	4.17 	7
-1.09 	4.84 	7
-1.09 	3.68 	7
-1.08 	3.97 	7
-1.08 	4.34 	7
-1.07 	4.87 	7
-1.07 	4.52 	7
-1.07 	4.68 	7
-1.06 	3.67 	7
-1.06 	3.12 	7
-1.06 	3.16 	7
-1.05 	3.42 	7
-1.05 	3.24 	7
-1.04 	4.10 	7
-1.04 	4.58 	7
-1.04 	3.68 	7
-1.03 	3.24 	7
-1.03 	3.48 	7
-1.03 	4.38 	7
-1.02 	4.82 	7
-1.02 	3.58 	7
-1.01 	4.85 	7
-1.01 	3.47 	7
-1.01 	3.70 	7
-1.01 	4.72 	7
-1.00 	4.60 	7
-1.00 	3.65 	7
-1.00 	4.41 	7
-0.99 	3.69 	7
-0.99 	4.56 	7
-0.99 	3.40 	7
-0.99 	4.68 	7
-0.98 	3.61 	7
-0.98 	4.45 	7
-0.98 	4.85 	7
-0.98 	4.37 	7
-0.97 	3.81 	7
-0.97 	4.81 	7
-0.97 	4.84 	7
-0.96 	3.44 	7
-0.96 	4.10 	7
-0.96 	3.32 	7
-0.96 	3.62 	7
-0.95 	3.93 	7
-0.95 	4.69 	7
-0.94 	3.11 	7
-0.93 	4.79 	7
-0.93 	3.27 	7
-0.93 	4.28 	7
-0.93 	4.17 	7
-0.92 	3.94 	7
-0.92 	3.94 	7
-0.92 	4.62 	7
-0.91 	4.09 	7
-0.91 	4.16 	7
-0.90 	3.35 	7
-0.90 	4.71 	7
-0.90 	4.35 	7
-0.89 	3.24 	7
-0.89 	3.51 	7
-0.89 	4.08 	7
-0.89 	4.25 	7
-0.88 	3.97 	7
-0.87 	4.53 	7
-0.87 	4.72 	7
-0.87 	4.27 	7
-0.86 	3.83 	7
-0.85 	4.70 	7
-0.85 	3.61 	7
-0.84 	4.38 	7
-0.84 	3.29 	7
-0.83 	4.56 	7
-0.82 	4.14 	7
-0.82 	3.42 	7
-0.81 	3.47 	7
-0.81 	4.50 	7
-0.81 	3.75 	7
-0.80 	4.36 	7
-0.80 	4.72 	7
-0.80 	3.60 	7
-0.79 	3.95 	7
-0.79 	4.31 	7
-0.79 	3.93 	7
-0.78 	3.56 	7
-0.78 	3.92 	7
-0.78 	3.24 	7
-0.77 	4.27 	7
-0.77 	4.03 	7
-0.76 	3.51 	7
-0.76 	4.68 	7
-0.76 	3.35 	7
-0.75 	3.29 	7
-0.75 	3.52 	7
-0.75 	3.41 	7
-0.74 	4.02 	7
-0.74 	3.66 	7
-0.73 	3.94 	7
-0.72 	3.60 	7
-0.71 	3.45 	7
-0.71 	3.53 	7
-0.71 	3.40 	7
-0.71 	4.08 	7
-0.71 	4.38 	7
-0.70 	4.24 	7
-0.70 	3.91 	7
-0.70 	3.52 	7
-0.70 	4.24 	7
-0.70 	4.38 	7
-0.69 	3.46 	7
-0.69 	4.34 	7
-0.69 	3.35 	7
-0.68 	4.12 	7
-0.68 	4.43 	7
-0.68 	4.14 	7
-0.67 	3.36 	7
-0.67 	3.65 	7
-0.66 	3.82 	7
-0.65 	3.35 	7
-0.65 	3.95 	7
-0.65 	3.89 	7
-0.65 	4.64 	7
-0.64 	4.17 	7
-0.64 	4.02 	7
-0.64 	3.58 	7
-0.63 	3.86 	7
-0.63 	4.39 	7
-0.63 	3.96 	7
-0.62 	3.74 	7
-0.62 	3.71 	7
-0.62 	4.09 	7
-0.61 	4.22 	7
-0.61 	4.30 	7
-0.61 	3.95 	7
-0.60 	3.49 	7
-0.59 	3.87 	7
-0.58 	4.44 	7
-0.58 	3.78 	7
-0.57 	4.21 	7
-0.56 	4.13 	7
-0.56 	3.61 	7
-0.56 	4.25 	7
-0.55 	4.36 	7
-0.55 	4.07 	7
-0.54 	4.17 	7
-0.53 	4.07 	7
-0.53 	4.48 	7
-0.53 	4.24 	7
-0.52 	4.25 	7
-0.52 	4.28 	7
-0.52 	4.41 	7
-0.52 	3.52 	7
-0.50 	4.47 	7
-0.50 	4.04 	7
-0.50 	4.38 	7
-0.49 	4.27 	7
-0.49 	4.15 	7
-0.48 	3.62 	7
-0.47 	3.71 	7
-0.47 	3.60 	7
-0.45 	4.11 	7
-0.45 	4.28 	7
-0.44 	4.29 	7
-0.43 	3.77 	7
-0.42 	3.79 	7
-0.42 	4.19 	7
-0.41 	4.39 	7
-0.41 	4.35 	7
-0.41 	3.70 	7
-0.40 	3.93 	7
-0.39 	4.35 	7
-0.38 	4.05 	7
-0.37 	4.37 	7
-0.36 	3.80 	7
-0.35 	3.82 	7
-0.35 	4.16 	7
-0.34 	3.88 	7
-0.32 	4.26 	7
-0.32 	4.14 	7
-0.31 	4.02 	7
-0.29 	4.16 	7
-0.27 	3.78 	7
-0.27 	3.93 	7
-0.25 	4.01 	7
-0.24 	4.13 	7
-0.23 	3.79 	7
-0.21 	3.85 	7
-0.20 	3.91 	7
-0.19 	4.01 	7
-0.17 	3.96 	7
-0.14 	3.94 	7
-0.13 	4.05 	7
-0.12 	3.90 	7
-0.10 	4.06 	7
-0.10 	3.93 	7
0.07 	3.96 	8
0.08 	3.95 	8
0.10 	4.05 	8
0.13 	3.98 	8
0.15 	4.13 	8
0.16 	3.89 	8
0.16 	3.93 	8
0.17 	4.17 	8
0.18 	4.17 	8
0.19 	3.96 	8
0.20 	4.17 	8
0.21 	3.83 	8
0.22 	4.17 	8
0.24 	3.81 	8
0.24 	4.22 	8
0.26 	3.94 	8
0.28 	3.81 	8
0.28 	4.06 	8
0.30 	4.16 	8
0.30 	3.90 	8
0.31 	4.04 	8
0.32 	3.85 	8
0.32 	4.19 	8
0.33 	4.15 	8
0.35 	4.31 	8
0.35 	3.78 	8
0.36 	4.34 	8
0.37 	3.92 	8
0.38 	3.85 	8
0.39 	3.85 	8
0.39 	3.79 	8
0.39 	3.97 	8
0.41 	3.59 	8
0.42 	4.12 	8
0.42 	3.80 	8
0.43 	3.77 	8
0.44 	3.72 	8
0.45 	4.42 	8
0.45 	4.10 	8
0.45 	3.59 	8
0.46 	3.90 	8
0.47 	3.83 	8
0.47 	4.39 	8
0.48 	4.09 	8
0.48 	3.84 	8
0.49 	4.32 	8
0.49 	4.45 	8
0.50 	3.75 	8
0.51 	3.82 	8
0.51 	3.91 	8
0.52 	4.03 	8
0.52 	4.12 	8
0.53 	4.22 	8
0.53 	4.48 	8
0.54 	3.77 	8
0.54 	3.56 	8
0.55 	3.48 	8
0.55 	3.62 	8
0.56 	4.40 	8
0.57 	3.55 	8
0.57 	4.18 	8
0.58 	4.45 	8
0.58 	3.64 	8
0.59 	3.43 	8
0.60 	4.10 	8
0.61 	4.54 	8
0.61 	4.18 	8
0.62 	4.33 	8
0.62 	3.58 	8
0.62 	3.54 	8
0.63 	3.96 	8
0.63 	4.00 	8
0.63 	3.58 	8
0.64 	3.47 	8
0.64 	4.59 	8
0.64 	4.47 	8
0.65 	4.14 	8
0.65 	3.62 	8
0.66 	3.89 	8
0.66 	3.76 	8
0.67 	4.08 	8
0.68 	4.43 	8
0.68 	3.48 	8
0.68 	3.43 	8
0.69 	4.54 	8
0.69 	3.45 	8
0.70 	3.97 	8
0.70 	4.41 	8
0.70 	3.53 	8
0.71 	4.15 	8
0.71 	3.51 	8
0.71 	3.40 	8
0.72 	4.16 	8
0.72 	4.64 	8
0.73 	3.59 	8
0.73 	3.82 	8
0.73 	4.37 	8
0.74 	3.82 	8
0.75 	4.58 	8
0.75 	3.89 	8
0.75 	3.77 	8
0.76 	4.72 	8
0.76 	3.35 	8
0.76 	4.08 	8
0.77 	3.45 	8
0.78 	3.64 	8
0.78 	4.64 	8
0.79 	3.59 	8
0.79 	4.65 	8
0.79 	3.38 	8
0.80 	4.33 	8
0.80 	3.77 	8
0.81 	3.73 	8
0.81 	4.15 	8
0.81 	4.55 	8
0.82 	3.95 	8
0.82 	3.62 	8
0.82 	3.94 	8
0.83 	3.62 	8
0.83 	3.68 	8
0.83 	4.04 	8
0.83 	4.82 	8
0.84 	3.99 	8
0.84 	3.50 	8
0.85 	4.60 	8
0.85 	3.99 	8
0.85 	4.20 	8
0.86 	3.16 	8
0.86 	4.42 	8
0.86 	4.79 	8
0.86 	4.28 	8
0.86 	4.57 	8
0.86 	4.03 	8
0.87 	3.26 	8
0.87 	3.39 	8
0.88 	3.62 	8
0.88 	3.78 	8
0.89 	3.16 	8
0.89 	3.33 	8
0.89 	4.10 	8
0.89 	3.59 	8
0.90 	4.28 	8
0.90 	3.35 	8
0.91 	4.33 	8
0.91 	3.48 	8
0.91 	3.17 	8
0.92 	3.38 	8
0.92 	4.60 	8
0.92 	3.13 	8
0.93 	3.96 	8
0.93 	4.87 	8
0.93 	4.02 	8
0.94 	4.51 	8
0.94 	4.68 	8
0.94 	3.82 	8
0.95 	3.63 	8
0.95 	3.15 	8
0.95 	3.66 	8
0.96 	3.81 	8
0.96 	4.88 	8
0.96 	4.65 	8
0.96 	4.63 	8
0.97 	4.17 	8
0.97 	3.99 	8
0.97 	4.12 	8
0.97 	4.31 	8
0.98 	4.01 	8
0.98 	3.85 	8
0.98 	3.59 	8
0.99 	4.73 	8
0.99 	3.68 	8
1.00 	3.29 	8
1.00 	3.11 	8
1.01 	3.88 	8
1.01 	4.17 	8
1.01 	3.28 	8
1.01 	3.13 	8
1.02 	4.57 	8
1.02 	3.27 	8
1.03 	3.84 	8
1.03 	4.18 	8
1.03 	3.66 	8
1.04 	4.07 	8
1.04 	4.05 	8
1.04 	3.94 	8
1.04 	4.64 	8
1.05 	4.30 	8
1.05 	4.35 	8
1.05 	4.19 	8
1.05 	3.06 	8
1.06 	4.20 	8
1.06 	3.15 	8
1.06 	4.60 	8
1.06 	3.78 	8
1.07 	4.17 	8
1.08 	3.92 	8
1.08 	3.10 	8
1.08 	4.73 	8
1.09 	3.36 	8
1.09 	3.48 	8
1.09 	4.26 	8
1.10 	3.91 	8
1.10 	4.03 	8
1.11 	3.16 	8
1.11 	4.79 	8
1.12 	4.72 	8
1.12 	4.45 	8
1.12 	3.72 	8
1.13 	3.81 	8
1.13 	4.39 	8
1.13 	3.80 	8
1.13 	3.67 	8
1.14 	3.80 	8
1.14 	4.65 	8
1.14 	4.74 	8
1.15 	4.21 	8
1.15 	4.10 	8
1.15 	3.23 	8
1.16 	4.83 	8
1.17 	3.77 	8
1.17 	3.70 	8
1.17 	4.76 	8
1.17 	4.56 	8
1.18 	3.97 	8
1.18 	3.24 	8
1.19 	4.69 	8
1.19 	4.42 	8
1.20 	3.28 	8
1.20 	3.74 	8
1.20 	3.39 	8
1.21 	4.21 	8
1.21 	4.14 	8
1.22 	3.43 	8
1.23 	4.59 	8
1.23 	4.46 	8
1.23 	4.49 	8
1.23 	4.23 	8
1.24 	4.36 	8
1.24 	4.23 	8
1.25 	4.40 	8
1.25 	4.40 	8
1.26 	3.46 	8
1.26 	4.64 	8
1.27 	4.61 	8
1.27 	3.35 	8
1.28 	3.77 	8
1.29 	3.45 	8
1.30 	4.22 	8
1.30 	3.67 	8
1.30 	3.87 	8
1.31 	4.34 	8
1.31 	3.53 	8
1.32 	4.11 	8
1.32 	3.48 	8
1.32 	4.03 	8
1.33 	3.80 	8
1.33 	4.41 	8
1.33 	3.95 	8
1.34 	3.40 	8
1.34 	3.59 	8
1.35 	3.86 	8
1.35 	3.58 	8
1.35 	3.59 	8
1.36 	3.78 	8
1.37 	4.22 	8
1.37 	4.05 	8
1.38 	4.09 	8
1.38 	4.40 	8
1.39 	3.46 	8
1.39 	4.09 	8
1.39 	4.56 	8
1.39 	4.40 	8
1.40 	3.45 	8
1.41 	4.26 	8
1.41 	4.19 	8
1.42 	4.22 	8
1.42 	3.71 	8
1.43 	3.43 	8
1.43 	4.44 	8
1.43 	4.29 	8
1.44 	4.35 	8
1.44 	4.25 	8
1.44 	3.61 	8
1.45 	3.63 	8
1.46 	3.51 	8
1.47 	3.68 	8
1.48 	4.03 	8
1.49 	4.02 	8
1.49 	4.20 	8
1.50 	4.27 	8
1.51 	4.23 	8
1.52 	3.60 	8
1.52 	4.06 	8
1.53 	3.60 	8
1.54 	3.68 	8
1.55 	3.97 	8
1.55 	3.96 	8
1.56 	3.77 	8
1.56 	4.24 	8
1.57 	3.59 	8
1.57 	3.60 	8
1.58 	3.95 	8
1.58 	3.61 	8
1.59 	4.02 	8
1.60 	4.32 	8
1.61 	4.23 	8
1.62 	4.19 	8
1.63 	4.22 	8
1.63 	4.08 	8
1.65 	3.97 	8
1.65 	3.70 	8
1.65 	4.11 	8
1.66 	3.98 	8
1.67 	4.15 	8
1.68 	3.82 	8
1.69 	4.07 	8
1.70 	4.25 	8
1.72 	3.72 	8
1.74 	3.80 	8
1.75 	3.89 	8
1.76 	4.05 	8
1.77 	4.11 	8
1.80 	4.20 	8
1.81 	3.91 	8
1.82 	4.04 	8
1.83 	3.93 	8
1.84 	4.11 	8
1.86 	4.00 	8
1.87 	4.12 	8
1.89 	3.92 	8
1.90 	4.10 	8
1.91 	4.02 	8
1.92 	4.00 	8
1.96 	4.02 	8
2.10 	4.10 	9
2.12 	3.98 	9
2.13 	3.94 	9
2.16 	4.01 	9
2.17 	3.97 	9
2.19 	4.12 	9
2.21 	3.98 	9
2.23 	3.81 	9
2.24 	3.95 	9
2.26 	3.99 	9
2.27 	3.81 	9
2.28 	4.19 	9
2.29 	4.08 	9
2.30 	4.03 	9
2.30 	4.04 	9
2.32 	4.05 	9
2.33 	4.25 	9
2.34 	4.03 	9
2.34 	3.68 	9
2.35 	3.82 	9
2.36 	4.11 	9
2.36 	4.26 	9
2.38 	3.98 	9
2.39 	4.30 	9
2.40 	3.68 	9
2.41 	3.97 	9
2.42 	4.35 	9
2.42 	3.62 	9
2.43 	3.58 	9
2.44 	4.12 	9
2.45 	3.60 	9
2.46 	3.95 	9
2.47 	3.57 	9
2.48 	3.69 	9
2.48 	3.96 	9
2.49 	4.30 	9
2.49 	3.76 	9
2.50 	3.99 	9
2.50 	4.19 	9
2.51 	4.37 	9
2.51 	3.67 	9
2.52 	4.17 	9
2.53 	4.52 	9
2.53 	3.61 	9
2.54 	4.51 	9
2.55 	3.62 	9
2.55 	3.69 	9
2.56 	3.55 	9
2.56 	3.74 	9
2.57 	3.68 	9
2.57 	3.93 	9
2.57 	4.27 	9
2.58 	4.47 	9
2.58 	4.23 	9
2.59 	4.43 	9
2.60 	3.54 	9
2.60 	3.90 	9
2.60 	3.82 	9
2.61 	4.37 	9
2.61 	3.46 	9
2.62 	3.96 	9
2.62 	4.15 	9
2.62 	3.89 	9
2.63 	3.63 	9
2.63 	3.41 	9
2.64 	3.99 	9
2.64 	3.98 	9
2.64 	4.13 	9
2.65 	4.02 	9
2.65 	3.52 	9
2.66 	3.96 	9
2.66 	4.63 	9
2.67 	4.57 	9
2.67 	4.59 	9
2.68 	4.32 	9
2.68 	3.94 	9
2.69 	3.33 	9
2.70 	4.05 	9
2.70 	3.69 	9
2.71 	4.30 	9
2.71 	3.52 	9
2.72 	4.39 	9
2.72 	4.15 	9
2.72 	4.35 	9
2.73 	3.90 	9
2.73 	3.51 	9
2.74 	3.95 	9
2.75 	3.88 	9
2.75 	4.63 	9
2.76 	3.64 	9
2.76 	4.51 	9
2.76 	4.03 	9
2.77 	4.71 	9
2.77 	3.54 	9
2.78 	4.39 	9
2.78 	3.96 	9
2.79 	3.66 	9
2.79 	4.02 	9
2.79 	4.50 	9
2.80 	4.60 	9
2.80 	3.85 	9
2.81 	4.56 	9
2.81 	3.65 	9
2.82 	4.55 	9
2.82 	3.63 	9
2.82 	3.84 	9
2.82 	4.73 	9
2.82 	3.56 	9
2.83 	3.40 	9
2.83 	3.89 	9
2.83 	4.15 	9
2.84 	4.35 	9
2.84 	3.27 	9
2.84 	4.00 	9
2.85 	4.06 	9
2.85 	4.34 	9
2.85 	3.48 	9
2.86 	4.00 	9
2.86 	3.68 	9
2.86 	4.40 	9
2.87 	4.39 	9
2.87 	4.30 	9
2.87 	3.94 	9
2.87 	3.57 	9
2.88 	3.23 	9
2.88 	3.69 	9
2.88 	3.26 	9
2.88 	3.65 	9
2.89 	4.70 	9
2.90 	3.79 	9
2.90 	3.31 	9
2.90 	4.15 	9
2.90 	3.91 	9
2.90 	4.37 	9
2.91 	3.22 	9
2.91 	4.80 	9
2.91 	4.16 	9
2.91 	3.76 	9
2.92 	4.68 	9
2.92 	3.56 	9
2.92 	4.58 	9
2.92 	3.42 	9
2.92 	3.13 	9
2.93 	3.15 	9
2.93 	3.73 	9
2.93 	4.24 	9
2.94 	3.67 	9
2.94 	4.09 	9
2.94 	4.47 	9
2.95 	3.78 	9
2.95 	3.88 	9
2.96 	4.37 	9
2.96 	3.12 	9
2.96 	3.04 	9
2.97 	4.22 	9
2.97 	3.21 	9
2.97 	4.03 	9
2.97 	3.11 	9
2.97 	3.20 	9
2.98 	3.18 	9
2.98 	4.22 	9
2.99 	3.35 	9
2.99 	3.75 	9
2.99 	3.31 	9
2.99 	3.16 	9
3.00 	3.46 	9
3.00 	4.05 	9
3.01 	3.91 	9
3.01 	4.21 	9
3.01 	4.58 	9
3.01 	3.80 	9
3.01 	4.70 	9
3.02 	3.40 	9
3.03 	3.82 	9
3.03 	4.82 	9
3.03 	4.11 	9
3.03 	4.02 	9
3.03 	3.35 	9
3.03 	4.28 	9
3.04 	4.10 	9
3.04 	4.28 	9
3.04 	3.73 	9
3.04 	4.29 	9
3.05 	3.31 	9
3.05 	4.18 	9
3.06 	4.75 	9
3.06 	4.23 	9
3.06 	4.62 	9
3.07 	3.34 	9
3.07 	4.93 	9
3.07 	3.33 	9
3.08 	4.69 	9
3.08 	4.03 	9
3.08 	4.07 	9
3.08 	4.66 	9
3.09 	4.57 	9
3.09 	3.22 	9
3.09 	3.60 	9
3.09 	3.59 	9
3.09 	4.79 	9
3.10 	3.51 	9
3.10 	4.33 	9
3.10 	3.49 	9
3.10 	4.76 	9
3.11 	4.40 	9
3.11 	4.50 	9
3.11 	4.38 	9
3.11 	3.68 	9
3.12 	4.50 	9
3.12 	4.37 	9
3.13 	4.52 	9
3.13 	3.37 	9
3.14 	3.82 	9
3.14 	3.24 	9
3.14 	4.53 	9
3.15 	4.11 	9
3.15 	3.36 	9
3.16 	3.40 	9
3.17 	4.10 	9
3.17 	3.31 	9
3.17 	3.67 	9
3.18 	3.92 	9
3.18 	4.69 	9
3.18 	3.91 	9
3.18 	3.46 	9
3.19 	4.73 	9
3.19 	4.48 	9
3.20 	3.94 	9
3.20 	4.79 	9
3.20 	3.56 	9
3.21 	4.27 	9
3.21 	4.16 	9
3.22 	4.02 	9
3.22 	4.13 	9
3.23 	4.13 	9
3.23 	3.27 	9
3.23 	3.82 	9
3.23 	3.51 	9
3.24 	3.25 	9
3.24 	3.45 	9
3.25 	3.43 	9
3.25 	4.38 	9
3.25 	4.41 	9
3.26 	3.64 	9
3.26 	4.50 	9
3.27 	4.57 	9
3.27 	4.43 	9
3.28 	4.31 	9
3.28 	4.32 	9
3.28 	4.23 	9
3.29 	3.91 	9
3.29 	3.58 	9
3.30 	4.50 	9
3.30 	4.31 	9
3.30 	3.34 	9
3.31 	4.22 	9
3.31 	4.17 	9
3.32 	4.10 	9
3.32 	3.67 	9
3.32 	3.47 	9
3.33 	3.47 	9
3.33 	4.60 	9
3.34 	3.36 	9
3.34 	3.91 	9
3.34 	4.38 	9
3.34 	4.06 	9
3.36 	4.41 	9
3.37 	4.51 	9
3.37 	3.49 	9
3.38 	4.00 	9
3.38 	4.36 	9
3.39 	3.45 	9
3.39 	4.06 	9
3.40 	3.45 	9
3.41 	3.81 	9
3.41 	3.44 	9
3.41 	3.52 	9
3.42 	3.56 	9
3.42 	4.14 	9
3.43 	4.30 	9
3.43 	3.56 	9
3.44 	3.87 	9
3.44 	4.20 	9
3.45 	4.48 	9
3.45 	3.89 	9
3.45 	4.30 	9
3.47 	3.80 	9
3.48 	3.79 	9
3.48 	3.66 	9
3.49 	3.82 	9
3.51 	4.48 	9
3.51 	3.61 	9
3.52 	3.63 	9
3.52 	4.08 	9
3.53 	3.57 	9
3.54 	4.02 	9
3.54 	4.30 	9
3.55 	3.87 	9
3.55 	4.18 	9
3.56 	3.72 	9
3.56 	4.00 	9
3.56 	4.28 	9
3.57 	3.93 	9
3.57 	4.14 	9
3.58 	4.30 	9
3.59 	3.96 	9
3.59 	4.05 	9
3.60 	4.28 	9
3.61 	3.69 	9
3.61 	4.01 	9
3.62 	4.03 	9
3.62 	3.74 	9
3.63 	4.15 	9
3.63 	4.20 	9
3.64 	4.18 	9
3.64 	3.89 	9
3.66 	3.82 	9
3.68 	4.23 	9
3.71 	3.82 	9
3.72 	3.97 	9
3.73 	4.08 	9
3.74 	3.74 	9
3.75 	4.17 	9
3.77 	4.19 	9
3.78 	4.00 	9
3.78 	4.19 	9
3.80 	4.01 	9
3.80 	3.89 	9
3.81 	3.88 	9
3.83 	4.14 	9
3.85 	3.91 	9
3.90 	3.95 	9
3.94 	4.02 	9