3.12 	0.00 	3
2.97 	0.10 	3
2.99 	-0.13 	3
2.92 	0.05 	3
2.92 	0.13 	3
2.97 	0.07 	3
2.97 	0.10 	3
2.96 	-0.04 	3
2.99 	0.15 	3
2.99 	0.22 	3
3.06 	0.06 	3
2.98 	0.23 	3
3.03 	0.06 	3
3.00 	0.10 	3
2.98 	0.23 	3
3.00 	0.18 	3
3.10 	0.08 	3
3.03 	0.10 	3
3.15 	0.21 	3
2.92 	0.18 	3
3.01 	0.29 	3
2.97 	0.18 	3
3.03 	0.25 	3
3.12 	0.04 	3
3.12 	0.26 	3
3.00 	0.16 	3
2.98 	0.29 	3
3.08 	0.23 	3
2.98 	0.13 	3
2.98 	0.21 	3
2.90 	0.21 	3
2.99 	0.28 	3
2.88 	0.43 	3
2.99 	0.40 	3
3.05 	0.56 	3
2.95 	0.44 	3
3.17 	0.29 	3
2.87 	0.21 	3
2.90 	0.36 	3
2.88 	0.31 	3
2.85 	0.43 	3
3.05 	0.29 	3
2.90 	0.31 	3
3.08 	0.26 	3
2.95 	0.35 	3
3.08 	0.34 	3
2.95 	0.53 	3
2.90 	0.40 	3
2.98 	0.24 	3
2.94 	0.41 	3
3.03 	0.41 	3
2.95 	0.54 	3
3.02 	0.40 	3
2.90 	0.32 	3
3.10 	0.59 	3
2.99 	0.45 	3
2.82 	0.36 	3
2.89 	0.57 	3
3.08 	0.49 	3
2.88 	0.45 	3
2.98 	0.58 	3
3.16 	0.41 	3
3.14 	0.64 	3
2.84 	0.55 	3
2.98 	0.65 	3
3.03 	0.64 	3
2.82 	0.71 	3
2.64 	0.66 	3
2.90 	0.54 	3
2.97 	0.67 	3
2.84 	0.64 	3
2.98 	0.66 	3
2.93 	0.70 	3
2.91 	0.69 	3
2.93 	0.59 	3
2.89 	0.69 	3
2.84 	0.77 	3
2.99 	0.90 	3
2.96 	0.61 	3
2.98 	0.87 	3
2.66 	0.85 	3
2.75 	0.81 	3
2.99 	0.84 	3
3.02 	0.72 	3
2.90 	0.80 	3
2.85 	0.81 	3
2.82 	0.72 	3
2.93 	0.86 	3
2.80 	0.88 	3
2.95 	0.94 	3
3.03 	0.92 	3
2.88 	0.71 	3
2.79 	0.90 	3
2.91 	0.88 	3
2.79 	0.98 	3
2.85 	0.91 	3
2.84 	0.95 	3
2.92 	0.76 	3
2.84 	0.95 	3
2.85 	0.89 	3
2.78 	0.85 	3
2.63 	0.90 	3
2.81 	1.06 	3
2.72 	0.95 	3
2.97 	1.00 	3
3.00 	0.97 	3
2.87 	0.85 	3
2.97 	0.98 	3
2.84 	0.96 	3
3.01 	1.05 	3
2.85 	1.10 	3
2.76 	0.83 	3
2.93 	1.05 	3
2.82 	1.07 	3
2.84 	0.96 	3
2.91 	1.01 	3
2.61 	1.09 	3
2.67 	0.86 	3
2.87 	1.08 	3
2.83 	1.22 	3
2.72 	1.10 	3
2.81 	1.31 	3
2.85 	1.14 	3
2.82 	1.19 	3
2.64 	1.24 	3
2.77 	1.16 	3
2.83 	1.11 	3
2.93 	1.22 	3
2.72 	1.20 	3
2.77 	1.25 	3
2.78 	1.30 	3
2.79 	1.16 	3
2.76 	1.33 	3
2.75 	1.14 	3
2.75 	1.16 	3
2.57 	1.32 	3
2.54 	1.27 	3
2.83 	1.26 	3
2.61 	1.01 	3
2.79 	1.19 	3
2.71 	1.19 	3
2.61 	1.19 	3
2.75 	1.27 	3
2.54 	1.19 	3
2.74 	1.28 	3
2.82 	1.41 	3
2.83 	1.32 	3
2.77 	1.31 	3
2.58 	1.26 	3
2.88 	1.26 	3
2.63 	1.30 	3
2.58 	1.44 	3
2.85 	1.32 	3
2.67 	1.50 	3
2.68 	1.17 	3
2.76 	1.42 	3
2.62 	1.54 	3
2.58 	1.53 	3
2.60 	1.39 	3
2.85 	1.53 	3
2.63 	1.40 	3
2.52 	1.44 	3
2.60 	1.49 	3
2.77 	1.58 	3
2.64 	1.56 	3
2.73 	1.37 	3
2.46 	1.48 	3
2.62 	1.72 	3
2.58 	1.61 	3
2.50 	1.50 	3
2.51 	1.45 	3
2.55 	1.52 	3
2.48 	1.62 	3
2.40 	1.54 	3
2.36 	1.54 	3
2.54 	1.46 	3
2.38 	1.39 	3
2.60 	1.72 	3
2.63 	1.62 	3
2.55 	1.65 	3
2.29 	1.47 	3
2.49 	1.55 	3
2.60 	1.60 	3
2.53 	1.52 	3
2.66 	1.63 	3
2.50 	1.67 	3
2.49 	1.59 	3
2.40 	1.65 	3
2.41 	1.89 	3
2.30 	1.71 	3
2.29 	1.71 	3
2.53 	1.79 	3
2.52 	1.72 	3
2.42 	1.51 	3
2.47 	1.64 	3
2.39 	1.79 	3
2.42 	1.67 	3
2.30 	1.74 	3
2.44 	1.76 	3
2.51 	1.80 	3
2.60 	1.81 	3
2.45 	1.67 	3
2.65 	1.92 	3
2.50 	1.87 	3
2.42 	1.63 	3
2.46 	1.83 	3
2.23 	1.78 	3
2.22 	1.69 	3
2.41 	1.77 	3
2.54 	1.90 	3
2.32 	1.85 	3
2.34 	1.96 	3
2.33 	1.93 	3
2.34 	1.68 	3
2.31 	1.77 	3
2.33 	1.70 	3
2.43 	1.78 	3
2.20 	1.75 	3
2.19 	1.90 	3
2.31 	1.84 	3
2.32 	1.99 	3
2.19 	1.82 	3
2.18 	2.03 	3
2.21 	1.91 	3
1.94 	1.88 	3
2.38 	1.94 	3
2.27 	1.80 	3
2.34 	1.90 	3
2.37 	2.08 	3
2.46 	2.19 	3
2.24 	1.93 	3
2.19 	1.97 	3
2.39 	1.89 	3
2.23 	1.79 	3
2.31 	1.97 	3
2.34 	1.79 	3
2.36 	1.93 	3
2.32 	1.97 	3
2.15 	2.02 	3
2.20 	2.08 	3
2.14 	2.15 	3
1.99 	2.15 	3
2.10 	2.20 	3
2.24 	2.03 	3
2.28 	2.06 	3
2.20 	2.33 	3
2.16 	2.06 	3
2.11 	2.36 	3
2.16 	2.08 	3
2.26 	2.13 	3
2.10 	1.98 	3
2.10 	2.16 	3
1.98 	2.06 	3
2.17 	2.06 	3
1.98 	2.13 	3
2.04 	2.12 	3
2.02 	2.20 	3
2.06 	2.20 	3
2.01 	2.01 	3
2.07 	2.27 	3
2.16 	2.31 	3
2.18 	2.39 	3
2.27 	2.38 	3
2.09 	2.15 	3
1.83 	2.26 	3
2.02 	2.14 	3
2.12 	2.20 	3
2.01 	2.30 	3
1.88 	2.36 	3
1.93 	2.14 	3
2.13 	2.25 	3
2.05 	2.17 	3
1.99 	2.18 	3
1.85 	2.33 	3
1.89 	2.16 	3
2.05 	2.21 	3
1.76 	2.12 	3
2.02 	2.22 	3
1.90 	2.37 	3
1.89 	2.44 	3
1.85 	2.24 	3
1.94 	2.17 	3
1.97 	2.53 	3
1.88 	2.66 	3
1.75 	2.35 	3
1.83 	2.32 	3
1.91 	2.32 	3
1.71 	2.34 	3
1.74 	2.31 	3
1.87 	2.61 	3
1.80 	2.40 	3
1.94 	2.39 	3
1.81 	2.40 	3
1.84 	2.33 	3
1.74 	2.20 	3
1.86 	2.40 	3
1.72 	2.43 	3
1.86 	2.52 	3
1.65 	2.36 	3
1.92 	2.34 	3
1.74 	2.39 	3
1.51 	2.41 	3
1.71 	2.49 	3
1.86 	2.49 	3
1.76 	2.53 	3
1.51 	2.39 	3
1.71 	2.64 	3
1.90 	2.36 	3
1.75 	2.61 	3
1.64 	2.45 	3
1.75 	2.54 	3
1.65 	2.37 	3
1.69 	2.42 	3
1.63 	2.64 	3
1.68 	2.38 	3
1.52 	2.49 	3
1.82 	2.53 	3
1.70 	2.53 	3
1.80 	2.60 	3
1.58 	2.68 	3
1.61 	2.65 	3
1.50 	2.47 	3
1.46 	2.58 	3
1.73 	2.50 	3
1.42 	2.47 	3
1.47 	2.57 	3
1.60 	2.66 	3
1.61 	2.66 	3
1.58 	2.37 	3
1.51 	2.38 	3
1.64 	2.59 	3
1.59 	2.57 	3
1.62 	2.51 	3
1.38 	2.54 	3
1.63 	2.54 	3
1.59 	2.61 	3
1.37 	2.83 	3
1.55 	2.72 	3
1.52 	2.71 	3
1.36 	2.64 	3
1.42 	2.83 	3
1.48 	2.68 	3
1.49 	2.63 	3
1.72 	2.56 	3
1.47 	2.67 	3
1.36 	2.69 	3
1.46 	2.82 	3
1.24 	2.64 	3
1.46 	2.69 	3
1.28 	2.76 	3
1.25 	2.57 	3
1.43 	2.73 	3
1.51 	2.72 	3
1.53 	2.63 	3
1.34 	2.91 	3
1.47 	2.59 	3
1.34 	2.65 	3
1.21 	2.56 	3
1.40 	2.83 	3
1.28 	2.74 	3
1.38 	2.72 	3
1.18 	2.88 	3
1.24 	2.76 	3
1.20 	2.76 	3
1.33 	2.76 	3
1.26 	2.80 	3
1.28 	2.92 	3
1.06 	2.96 	3
1.20 	2.92 	3
1.27 	2.74 	3
1.07 	2.73 	3
1.05 	2.70 	3
1.40 	2.80 	3
1.08 	2.89 	3
1.13 	2.86 	3
1.18 	2.65 	3
1.18 	2.90 	3
0.94 	2.64 	3
1.08 	2.83 	3
1.12 	2.83 	3
1.17 	2.66 	3
1.16 	2.87 	3
1.06 	2.79 	3
1.00 	2.71 	3
1.14 	2.90 	3
0.90 	2.64 	3
1.10 	2.91 	3
0.93 	2.64 	3
0.87 	2.75 	3
1.01 	2.76 	3
1.07 	2.92 	3
1.12 	2.83 	3
1.00 	2.79 	3
1.20 	2.69 	3
0.86 	2.72 	3
1.05 	2.89 	3
1.08 	2.95 	3
0.82 	2.84 	3
0.88 	2.84 	3
1.12 	2.79 	3
0.94 	2.97 	3
0.91 	2.81 	3
0.83 	2.88 	3
1.02 	2.77 	3
0.79 	2.85 	3
0.80 	2.98 	3
1.06 	2.92 	3
0.88 	3.04 	3
0.80 	2.88 	3
0.89 	2.67 	3
0.68 	2.96 	3
0.68 	2.92 	3
1.09 	2.96 	3
0.89 	2.74 	3
0.73 	2.88 	3
0.71 	2.88 	3
0.90 	2.91 	3
0.65 	2.85 	3
0.74 	2.90 	3
0.85 	3.02 	3
0.90 	2.89 	3
0.78 	3.08 	3
0.77 	2.95 	3
0.91 	2.96 	3
0.77 	2.76 	3
0.67 	2.97 	3
0.70 	3.00 	3
0.61 	2.99 	3
0.81 	2.83 	3
0.62 	2.70 	3
0.62 	2.95 	3
0.62 	3.08 	3
0.68 	2.93 	3
0.65 	2.89 	3
0.60 	3.04 	3
0.62 	3.01 	3
0.53 	2.86 	3
0.59 	3.02 	3
0.58 	3.00 	3
0.69 	2.91 	3
0.48 	2.90 	3
0.50 	2.88 	3
0.71 	2.83 	3
0.52 	3.13 	3
0.58 	2.91 	3
0.60 	2.88 	3
0.45 	2.94 	3
0.58 	3.02 	3
0.50 	2.97 	3
0.57 	3.02 	3
0.62 	3.00 	3
0.41 	3.06 	3
0.51 	2.95 	3
0.31 	3.01 	3
0.48 	3.18 	3
0.62 	3.09 	3
0.46 	2.95 	3
0.38 	2.76 	3
0.34 	2.90 	3
0.51 	3.02 	3
0.34 	3.01 	3
0.47 	2.90 	3
0.40 	2.94 	3
0.27 	2.82 	3
0.52 	2.98 	3
0.35 	2.95 	3
0.51 	3.02 	3
0.35 	2.84 	3
0.44 	2.92 	3
0.27 	2.85 	3
0.15 	2.84 	3
0.35 	2.88 	3
0.43 	3.26 	3
0.13 	3.07 	3
0.15 	3.04 	3
0.27 	3.01 	3
0.14 	2.89 	3
0.16 	2.95 	3
0.25 	2.96 	3
0.28 	2.83 	3
0.08 	2.97 	3
0.31 	2.78 	3
0.20 	2.88 	3
0.22 	2.86 	3
0.24 	2.99 	3
0.14 	2.93 	3
0.18 	3.00 	3
0.00 	3.01 	3
0.08 	3.02 	3
0.04 	3.04 	3
0.10 	2.98 	3
0.06 	2.86 	3
0.21 	3.04 	3
0.04 	3.10 	3
0.17 	2.82 	3
0.15 	2.90 	3
-0.05 	2.96 	3
0.02 	3.00 	3
-0.09 	3.06 	3
-0.02 	3.13 	3
-0.16 	2.92 	3
0.02 	3.14 	3
0.08 	3.04 	3
-0.24 	2.96 	3
-0.18 	3.01 	3
0.01 	2.89 	3
0.05 	3.14 	3
0.16 	2.94 	3
-0.02 	2.88 	3
-0.12 	3.06 	3
0.08 	2.90 	3
0.03 	2.97 	3
-0.15 	2.82 	3
-0.22 	3.12 	3
0.01 	2.99 	3
-0.28 	3.15 	3
0.02 	2.85 	3
-0.18 	3.03 	3
-0.28 	2.97 	3
-0.16 	3.02 	3
-0.22 	3.05 	3
-0.07 	3.05 	3
-0.26 	3.05 	3
-0.09 	2.83 	3
-0.25 	2.88 	3
-0.30 	2.96 	3
-0.29 	3.04 	3
-0.29 	2.90 	3
-0.31 	2.99 	3
-0.42 	2.94 	3
-0.39 	2.73 	3
-0.40 	3.05 	3
-0.26 	3.05 	3
-0.35 	2.94 	3
-0.37 	2.92 	3
-0.46 	2.97 	3
-0.04 	3.07 	3
-0.36 	2.83 	3
-0.27 	2.89 	3
-0.48 	2.81 	3
-0.42 	3.11 	3
-0.37 	2.95 	3
-0.17 	3.11 	3
-0.59 	2.88 	3
-0.35 	2.86 	3
-0.45 	2.98 	3
-0.42 	2.86 	3
-0.44 	2.94 	3
-0.47 	2.93 	3
-0.54 	3.04 	3
-0.51 	2.74 	3
-0.51 	3.03 	3
-0.53 	3.02 	3
-0.59 	2.93 	3
-0.33 	3.10 	3
-0.52 	2.91 	3
-0.57 	2.86 	3
-0.53 	2.80 	3
-0.52 	3.01 	3
-0.53 	2.97 	3
-0.44 	3.13 	3
-0.50 	3.02 	3
-0.59 	2.97 	3
-0.56 	2.98 	3
-0.57 	3.04 	3
-0.54 	2.82 	3
-0.42 	3.13 	3
-0.61 	3.05 	3
-0.64 	2.68 	3
-0.72 	2.95 	3
-0.66 	2.94 	3
-0.86 	2.91 	3
-0.75 	2.86 	3
-0.51 	2.99 	3
-0.84 	2.90 	3
-0.83 	2.61 	3
-0.60 	2.93 	3
-0.75 	2.98 	3
-0.73 	2.80 	3
-0.83 	2.90 	3
-0.54 	2.84 	3
-0.72 	2.96 	3
-0.57 	2.75 	3
-0.99 	2.84 	3
-0.70 	2.92 	3
-0.81 	2.91 	3
-0.77 	2.69 	3
-0.85 	2.85 	3
-0.91 	2.84 	3
-0.96 	2.94 	3
-0.73 	3.04 	3
-1.00 	3.01 	3
-0.73 	2.84 	3
-0.84 	2.91 	3
-0.97 	2.75 	3
-0.93 	3.02 	3
-1.05 	2.71 	3
-0.83 	2.85 	3
-0.91 	2.98 	3
-0.88 	2.79 	3
-0.94 	2.88 	3
-1.00 	2.77 	3
-0.98 	2.93 	3
-1.01 	3.03 	3
-1.03 	2.82 	3
-1.14 	2.90 	3
-1.10 	2.80 	3
-1.07 	2.82 	3
-1.02 	2.62 	3
-1.11 	2.66 	3
-1.00 	2.86 	3
-0.90 	2.74 	3
-1.07 	2.77 	3
-0.91 	2.99 	3
-1.00 	2.82 	3
-1.08 	2.66 	3
-1.25 	2.76 	3
-1.08 	2.71 	3
-1.05 	2.81 	3
-1.14 	2.91 	3
-1.12 	2.72 	3
-1.10 	2.64 	3
-1.08 	2.93 	3
-1.06 	2.76 	3
-1.27 	3.00 	3
-1.13 	2.72 	3
-1.22 	2.77 	3
-1.22 	2.60 	3
-1.14 	2.85 	3
-1.38 	2.81 	3
-1.11 	2.58 	3
-1.21 	2.69 	3
-1.02 	2.78 	3
-1.19 	2.70 	3
-1.14 	2.70 	3
-1.22 	2.82 	3
-1.27 	2.75 	3
-1.34 	2.68 	3
-1.20 	2.58 	3
-1.25 	2.65 	3
-1.19 	2.58 	3
-1.30 	2.73 	3
-1.39 	2.67 	3
-1.22 	2.59 	3
-1.51 	2.61 	3
-1.39 	2.70 	3
-1.19 	2.81 	3
-1.27 	2.72 	3
-1.28 	2.64 	3
-1.55 	2.67 	3
-1.46 	2.73 	3
-1.40 	2.95 	3
-1.31 	2.66 	3
-1.30 	2.70 	3
-1.30 	2.69 	3
-1.34 	2.67 	3
-1.27 	2.71 	3
-1.44 	2.85 	3
-1.32 	2.57 	3
-1.46 	2.50 	3
-1.34 	2.75 	3
-1.42 	2.69 	3
-1.43 	2.59 	3
-1.63 	2.71 	3
-1.52 	2.66 	3
-1.41 	2.46 	3
-1.47 	2.49 	3
-1.62 	2.59 	3
-1.54 	2.53 	3
-1.57 	2.60 	3
-1.67 	2.59 	3
-1.44 	2.56 	3
-1.24 	2.93 	3
-1.39 	2.53 	3
-1.49 	2.54 	3
-1.45 	2.75 	3
-1.74 	2.55 	3
-1.54 	2.54 	3
-1.69 	2.54 	3
-1.45 	2.40 	3
-1.53 	2.72 	3
-1.63 	2.40 	3
-1.49 	2.52 	3
-1.69 	2.65 	3
-1.60 	2.53 	3
-1.61 	2.46 	3
-1.49 	2.49 	3
-1.70 	2.51 	3
-1.72 	2.56 	3
-1.63 	2.41 	3
-1.72 	2.38 	3
-1.77 	2.46 	3
-1.62 	2.37 	3
-1.89 	2.51 	3
-1.77 	2.42 	3
-1.75 	2.45 	3
-1.69 	2.50 	3
-1.75 	2.26 	3
-1.55 	2.33 	3
-1.72 	2.34 	3
-1.86 	2.60 	3
-1.75 	2.61 	3
-1.94 	2.52 	3
-1.81 	2.26 	3
-1.75 	2.28 	3
-1.83 	2.43 	3
-1.85 	2.31 	3
-1.68 	2.33 	3
-1.82 	2.35 	3
-1.86 	2.45 	3
-2.01 	2.43 	3
-2.01 	2.28 	3
-1.91 	2.13 	3
-1.80 	2.36 	3
-1.97 	2.28 	3
-1.75 	2.26 	3
-1.79 	2.30 	3
-1.82 	2.44 	3
-1.95 	2.42 	3
-1.84 	2.31 	3
-1.99 	2.19 	3
-1.96 	2.38 	3
-1.87 	2.36 	3
-1.80 	2.07 	3
-1.92 	2.21 	3
-1.93 	2.43 	3
-1.94 	2.07 	3
-2.04 	2.33 	3
-1.74 	2.24 	3
-1.81 	2.31 	3
-1.70 	2.24 	3
-1.95 	2.10 	3
-2.05 	2.12 	3
-2.02 	2.20 	3
-1.96 	2.14 	3
-1.93 	2.28 	3
-2.11 	2.27 	3
-2.05 	2.21 	3
-2.12 	2.15 	3
-1.95 	2.23 	3
-2.09 	2.15 	3
-1.88 	2.14 	3
-2.11 	2.27 	3
-2.00 	2.21 	3
-2.34 	2.17 	3
-2.19 	2.14 	3
-2.14 	1.96 	3
-2.13 	2.26 	3
-2.10 	2.03 	3
-2.21 	1.91 	3
-2.11 	2.18 	3
-2.03 	2.12 	3
-2.04 	2.09 	3
-2.12 	2.16 	3
-2.02 	2.12 	3
-2.40 	2.04 	3
-2.23 	2.10 	3
-2.06 	2.06 	3
-2.22 	2.15 	3
-2.10 	2.13 	3
-2.14 	2.10 	3
-2.17 	1.98 	3
-2.28 	1.93 	3
-2.18 	2.01 	3
-2.26 	1.96 	3
-2.21 	1.93 	3
-2.26 	1.97 	3
-2.11 	2.02 	3
-2.29 	1.99 	3
-2.17 	2.04 	3
-2.13 	1.98 	3
-2.21 	1.94 	3
-2.31 	2.09 	3
-2.28 	1.99 	3
-2.42 	2.06 	3
-2.39 	2.07 	3
-2.37 	1.95 	3
-2.48 	2.05 	3
-2.24 	1.79 	3
-2.43 	1.87 	3
-2.18 	1.89 	3
-2.35 	1.81 	3
-2.33 	1.91 	3
-2.28 	1.80 	3
-2.29 	1.87 	3
-2.36 	1.87 	3
-2.50 	1.95 	3
-2.25 	1.94 	3
-2.40 	1.94 	3
-2.59 	1.99 	3
-2.47 	1.79 	3
-2.51 	1.86 	3
-2.50 	1.78 	3
-2.30 	1.84 	3
-2.40 	1.79 	3
-2.47 	1.81 	3
-2.25 	1.85 	3
-2.59 	1.79 	3
-2.40 	1.72 	3
-2.44 	1.71 	3
-2.37 	1.55 	3
-2.35 	1.74 	3
-2.59 	1.87 	3
-2.47 	1.88 	3
-2.58 	1.75 	3
-2.29 	1.62 	3
-2.43 	1.75 	3
-2.57 	1.84 	3
-2.69 	1.63 	3
-2.52 	1.76 	3
-2.50 	1.55 	3
-2.40 	1.64 	3
-2.66 	1.64 	3
-2.37 	1.69 	3
-2.47 	1.65 	3
-2.59 	1.46 	3
-2.65 	1.41 	3
-2.58 	1.58 	3
-2.62 	1.67 	3
-2.61 	1.63 	3
-2.51 	1.69 	3
-2.48 	1.73 	3
-2.36 	1.47 	3
-2.62 	1.49 	3
-2.54 	1.53 	3
-2.62 	1.62 	3
-2.47 	1.42 	3
-2.68 	1.59 	3
-2.57 	1.57 	3
-2.45 	1.46 	3
-2.66 	1.49 	3
-2.64 	1.41 	3
-2.80 	1.40 	3
-2.59 	1.51 	3
-2.62 	1.52 	3
-2.70 	1.53 	3
-2.74 	1.53 	3
-2.51 	1.41 	3
-2.39 	1.52 	3
-2.53 	1.45 	3
-2.68 	1.38 	3
-2.33 	1.60 	3
-2.70 	1.30 	3
-2.61 	1.53 	3
-2.57 	1.55 	3
-2.69 	1.49 	3
-2.64 	1.24 	3
-2.76 	1.34 	3
-2.54 	1.39 	3
-2.65 	1.29 	3
-2.60 	1.48 	3
-2.79 	1.42 	3
-2.46 	1.48 	3
-2.67 	1.38 	3
-2.65 	1.39 	3
-2.67 	1.29 	3
-2.74 	1.21 	3
-2.74 	1.39 	3
-2.77 	1.18 	3
-2.57 	1.20 	3
-2.71 	1.23 	3
-2.82 	1.44 	3
-2.70 	1.29 	3
-2.77 	1.28 	3
-2.70 	1.11 	3
-2.76 	1.26 	3
-2.80 	1.08 	3
-2.67 	1.19 	3
-2.78 	1.13 	3
-2.71 	1.14 	3
-2.76 	1.20 	3
-2.69 	1.14 	3
-2.94 	1.04 	3
-2.85 	1.11 	3
-2.63 	1.01 	3
-2.76 	0.92 	3
-2.63 	1.12 	3
-2.80 	1.08 	3
-2.80 	1.09 	3
-2.79 	1.20 	3
-2.75 	1.16 	3
-2.72 	1.08 	3
-2.90 	0.98 	3
-2.74 	1.11 	3
-2.94 	0.86 	3
-2.89 	1.10 	3
-2.72 	1.05 	3
-2.71 	1.16 	3
-2.85 	1.12 	3
-2.89 	1.05 	3
-2.90 	1.00 	3
-2.90 	0.84 	3
-2.72 	0.96 	3
-2.85 	0.96 	3
-2.97 	1.04 	3
-2.76 	1.12 	3
-2.80 	1.04 	3
-2.93 	1.00 	3
-2.83 	0.78 	3
-2.87 	1.03 	3
-2.90 	0.75 	3
-2.90 	0.87 	3
-2.67 	1.00 	3
-2.72 	0.93 	3
-2.83 	0.83 	3
-2.74 	0.99 	3
-2.88 	0.88 	3
-3.10 	0.81 	3
-2.81 	0.79 	3
-2.90 	0.81 	3
-2.70 	0.93 	3
-2.86 	0.95 	3
-3.18 	0.65 	3
-2.91 	0.78 	3
-2.92 	0.72 	3
-2.91 	0.75 	3
-3.08 	0.59 	3
-2.77 	0.79 	3
-2.85 	0.78 	3
-2.77 	0.60 	3
-2.93 	0.83 	3
-3.03 	0.83 	3
-3.11 	0.72 	3
-2.85 	0.67 	3
-2.93 	0.62 	3
-2.95 	0.75 	3
-2.94 	0.78 	3
-2.95 	0.71 	3
-2.73 	0.71 	3
-2.87 	0.63 	3
-2.88 	0.70 	3
-2.99 	0.51 	3
-3.10 	0.62 	3
-2.77 	0.61 	3
-2.81 	0.52 	3
-2.92 	0.48 	3
-3.03 	0.49 	3
-3.10 	0.55 	3
-3.09 	0.44 	3
-3.01 	0.62 	3
-2.85 	0.63 	3
-2.94 	0.45 	3
-2.76 	0.52 	3
-2.95 	0.51 	3
-2.87 	0.55 	3
-2.99 	0.57 	3
-3.07 	0.48 	3
-3.04 	0.48 	3
-2.93 	0.45 	3
-2.88 	0.30 	3
-2.89 	0.57 	3
-3.03 	0.59 	3
-2.86 	0.55 	3
-3.02 	0.48 	3
-2.90 	0.35 	3
-2.87 	0.48 	3
-2.78 	0.39 	3
-3.07 	0.34 	3
-2.81 	0.38 	3
-2.99 	0.25 	3
-2.81 	0.43 	3
-2.95 	0.35 	3
-3.00 	0.14 	3
-2.99 	0.48 	3
-2.88 	0.38 	3
-3.14 	0.37 	3
-2.88 	0.39 	3
-3.07 	0.11 	3
-2.85 	0.37 	3
-3.04 	0.14 	3
-2.96 	0.35 	3
-3.15 	0.11 	3
-2.85 	0.23 	3
-3.09 	0.29 	3
-3.04 	0.22 	3
-2.95 	0.17 	3
-3.02 	0.28 	3
-2.96 	0.15 	3
-3.00 	0.33 	3
-3.19 	0.35 	3
-3.00 	0.25 	3
-2.98 	0.14 	3
-3.07 	0.05 	3
-3.08 	0.19 	3
-3.11 	0.11 	3
-3.05 	0.02 	3
-2.96 	0.29 	3
-3.16 	0.25 	3
-2.94 	0.07 	3
-2.83 	0.02 	3
-3.04 	0.00 	3
-2.99 	0.03 	3
-2.84 	0.01 	3
-2.85 	0.21 	3
-2.99 	-0.04 	3
-2.94 	-0.05 	3
-2.85 	-0.09 	3
-3.06 	0.09 	3
-3.10 	0.10 	3
-2.93 	0.15 	3
-2.97 	0.00 	3
-2.97 	0.01 	3
-3.05 	-0.23 	3
-2.98 	-0.10 	3
-2.98 	-0.13 	3
-2.94 	-0.16 	3
-3.00 	0.11 	3
-3.08 	0.04 	3
-2.88 	-0.22 	3
-2.98 	-0.08 	3
-3.04 	-0.12 	3
-3.10 	-0.15 	3
-3.00 	-0.16 	3
-3.00 	-0.07 	3
-3.20 	-0.12 	3
-3.04 	-0.08 	3
-3.07 	-0.16 	3
-2.88 	-0.12 	3
-2.87 	0.10 	3
-2.96 	-0.14 	3
-2.80 	-0.21 	3
-3.06 	-0.13 	3
-3.01 	-0.13 	3
-2.89 	-0.22 	3
-3.20 	-0.17 	3
-2.92 	-0.33 	3
-2.94 	-0.24 	3
-2.94 	-0.26 	3
-2.94 	-0.19 	3
-2.87 	-0.41 	3
-2.97 	-0.12 	3
-2.97 	-0.29 	3
-3.04 	-0.31 	3
-3.12 	-0.45 	3
-2.82 	-0.18 	3
-2.98 	-0.27 	3
-2.88 	-0.22 	3
-2.90 	-0.33 	3
-3.08 	-0.34 	3
-2.83 	-0.35 	3
-2.82 	-0.18 	3
-3.02 	-0.29 	3
-3.00 	-0.34 	3
-3.03 	-0.41 	3
-2.84 	-0.40 	3
-2.71 	-0.49 	3
-2.90 	-0.29 	3
-3.01 	-0.48 	3
-2.98 	-0.30 	3
-3.06 	-0.35 	3
-2.98 	-0.42 	3
-2.97 	-0.39 	3
-2.93 	-0.49 	3
-2.91 	-0.52 	3
-3.02 	-0.48 	3
-3.02 	-0.58 	3
-2.99 	-0.41 	3
-3.01 	-0.32 	3
-2.81 	-0.54 	3
-3.00 	-0.66 	3
-2.95 	-0.64 	3
-3.01 	-0.55 	3
-2.93 	-0.61 	3
-3.05 	-0.71 	3
-2.97 	-0.47 	3
-2.97 	-0.46 	3
-2.79 	-0.52 	3
-2.78 	-0.69 	3
-2.92 	-0.61 	3
-2.83 	-0.65 	3
-2.93 	-0.76 	3
-2.85 	-0.72 	3
-2.81 	-0.55 	3
-2.94 	-0.70 	3
-2.93 	-0.60 	3
-3.06 	-0.84 	3
-2.96 	-0.74 	3
-3.03 	-0.75 	3
-2.89 	-0.68 	3
-2.92 	-0.72 	3
-2.89 	-0.66 	3
-2.89 	-0.92 	3
-2.95 	-0.82 	3
-2.90 	-0.70 	3
-2.83 	-0.70 	3
-2.89 	-0.84 	3
-2.99 	-0.74 	3
-2.68 	-0.81 	3
-2.85 	-0.78 	3
-2.92 	-0.86 	3
-2.84 	-0.80 	3
-2.83 	-0.80 	3
-2.89 	-0.78 	3
-2.82 	-0.86 	3
-2.88 	-0.79 	3
-2.78 	-0.89 	3
-2.90 	-1.04 	3
-3.15 	-0.86 	3
-2.73 	-0.88 	3
-2.67 	-0.85 	3
-2.84 	-1.00 	3
-2.79 	-0.97 	3
-2.76 	-0.93 	3
-2.84 	-0.91 	3
-2.79 	-0.98 	3
-2.91 	-1.01 	3
-2.92 	-1.00 	3
-2.92 	-1.03 	3
-2.74 	-1.04 	3
-2.78 	-0.90 	3
-2.97 	-0.96 	3
-2.93 	-0.81 	3
-2.81 	-1.08 	3
-2.75 	-0.90 	3
-2.72 	-1.02 	3
-2.84 	-1.01 	3
-2.85 	-1.17 	3
-2.85 	-1.13 	3
-2.75 	-0.88 	3
-2.78 	-1.15 	3
-3.05 	-1.08 	3
-3.02 	-1.04 	3
-2.64 	-1.14 	3
-2.80 	-1.15 	3
-2.65 	-1.16 	3
-2.75 	-1.24 	3
-2.87 	-1.30 	3
-2.43 	-1.15 	3
-2.85 	-1.13 	3
-2.71 	-1.21 	3
-2.64 	-1.18 	3
-2.79 	-1.06 	3
-2.75 	-1.11 	3
-2.79 	-1.00 	3
-2.74 	-1.35 	3
-2.63 	-1.27 	3
-2.54 	-1.36 	3
-2.74 	-1.32 	3
-2.67 	-1.21 	3
-2.61 	-1.19 	3
-2.70 	-1.19 	3
-2.75 	-1.22 	3
-2.62 	-1.21 	3
-2.62 	-1.26 	3
-2.57 	-1.49 	3
-2.75 	-1.28 	3
-2.76 	-1.16 	3
-2.71 	-1.44 	3
-2.90 	-1.21 	3
-2.78 	-1.24 	3
-2.62 	-1.52 	3
-2.55 	-1.30 	3
-2.76 	-1.44 	3
-2.89 	-1.42 	3
-2.66 	-1.49 	3
-2.66 	-1.33 	3
-2.62 	-1.21 	3
-2.59 	-1.47 	3
-2.66 	-1.49 	3
-2.54 	-1.39 	3
-2.64 	-1.43 	3
-2.65 	-1.51 	3
-2.60 	-1.30 	3
-2.65 	-1.35 	3
-2.63 	-1.49 	3
-2.49 	-1.35 	3
-2.53 	-1.43 	3
-2.83 	-1.56 	3
-2.89 	-1.64 	3
-2.59 	-1.55 	3
-2.58 	-1.59 	3
-2.51 	-1.50 	3
-2.56 	-1.53 	3
-2.65 	-1.49 	3
-2.48 	-1.56 	3
-2.51 	-1.46 	3
-2.50 	-1.54 	3
-2.67 	-1.45 	3
-2.55 	-1.83 	3
-2.46 	-1.74 	3
-2.54 	-1.59 	3
-2.56 	-1.85 	3
-2.49 	-1.62 	3
-2.57 	-1.67 	3
-2.62 	-1.90 	3
-2.48 	-1.54 	3
-2.48 	-1.51 	3
-2.45 	-1.69 	3
-2.66 	-1.65 	3
-2.49 	-1.67 	3
-2.35 	-1.62 	3
-2.21 	-1.54 	3
-2.55 	-1.76 	3
-2.36 	-1.73 	3
-2.60 	-1.53 	3
-2.59 	-1.58 	3
-2.52 	-1.74 	3
-2.56 	-1.73 	3
-2.39 	-1.86 	3
-2.48 	-1.50 	3
-2.60 	-1.78 	3
-2.31 	-1.71 	3
-2.49 	-1.84 	3
-2.59 	-1.66 	3
-2.26 	-1.80 	3
-2.43 	-1.85 	3
-2.31 	-1.81 	3
-2.32 	-1.73 	3
-2.38 	-1.97 	3
-2.30 	-1.90 	3
-2.41 	-1.82 	3
-2.40 	-1.81 	3
-2.29 	-1.91 	3
-2.42 	-1.74 	3
-2.41 	-1.84 	3
-2.25 	-2.01 	3
-2.29 	-1.86 	3
-2.47 	-1.85 	3
-2.49 	-1.72 	3
-2.37 	-1.91 	3
-2.29 	-1.77 	3
-2.37 	-2.02 	3
-2.28 	-1.94 	3
-2.37 	-1.95 	3
-2.26 	-1.96 	3
-2.24 	-1.81 	3
-2.36 	-1.85 	3
-2.32 	-2.04 	3
-2.17 	-2.05 	3
-2.11 	-1.93 	3
-2.27 	-1.99 	3
-2.13 	-1.98 	3
-2.22 	-2.07 	3
-2.22 	-1.93 	3
-2.02 	-1.95 	3
-2.31 	-2.12 	3
-2.28 	-2.00 	3
-2.22 	-1.94 	3
-2.20 	-2.07 	3
-2.45 	-2.01 	3
-2.26 	-2.30 	3
-2.15 	-2.17 	3
-2.15 	-2.05 	3
-2.46 	-2.07 	3
-2.20 	-2.04 	3
-1.97 	-2.07 	3
-2.26 	-2.01 	3
-2.22 	-2.01 	3
-2.14 	-2.27 	3
-2.19 	-2.24 	3
-2.24 	-1.98 	3
-2.11 	-2.23 	3
-2.16 	-2.17 	3
-2.01 	-2.13 	3
-2.30 	-2.21 	3
-2.01 	-2.11 	3
-2.21 	-2.35 	3
-1.97 	-2.28 	3
-2.06 	-2.23 	3
-2.10 	-2.13 	3
-2.05 	-2.15 	3
-1.88 	-2.14 	3
-1.97 	-2.20 	3
-1.97 	-2.28 	3
-1.98 	-2.11 	3
-2.21 	-2.24 	3
-2.02 	-2.08 	3
-2.12 	-2.34 	3
-1.86 	-2.45 	3
-2.06 	-2.22 	3
-1.80 	-2.25 	3
-2.02 	-2.37 	3
-2.15 	-2.23 	3
-1.80 	-2.19 	3
-1.75 	-2.35 	3
-1.89 	-2.33 	3
-1.92 	-2.21 	3
-2.00 	-2.37 	3
-1.70 	-2.44 	3
-2.04 	-2.29 	3
-2.04 	-2.34 	3
-1.86 	-2.33 	3
-1.87 	-2.20 	3
-1.88 	-2.12 	3
-1.94 	-2.10 	3
-1.90 	-2.44 	3
-1.74 	-2.34 	3
-1.91 	-2.40 	3
-1.97 	-2.17 	3
-1.78 	-2.47 	3
-1.91 	-2.35 	3
-1.76 	-2.38 	3
-1.96 	-2.22 	3
-1.82 	-2.28 	3
-1.86 	-2.33 	3
-1.71 	-2.46 	3
-1.65 	-2.33 	3
-1.96 	-2.30 	3
-1.67 	-2.34 	3
-1.81 	-2.33 	3
-1.77 	-2.43 	3
-1.76 	-2.58 	3
-1.77 	-2.47 	3
-1.71 	-2.54 	3
-1.56 	-2.52 	3
-1.77 	-2.48 	3
-1.62 	-2.64 	3
-1.72 	-2.42 	3
-1.72 	-2.56 	3
-1.56 	-2.52 	3
-1.71 	-2.55 	3
-1.56 	-2.41 	3
-1.49 	-2.52 	3
-1.64 	-2.51 	3
-1.73 	-2.46 	3
-1.68 	-2.66 	3
-1.57 	-2.41 	3
-1.57 	-2.52 	3
-1.62 	-2.45 	3
-1.62 	-2.32 	3
-1.60 	-2.45 	3
-1.71 	-2.65 	3
-1.70 	-2.48 	3
-1.60 	-2.57 	3
-1.43 	-2.57 	3
-1.60 	-2.45 	3
-1.82 	-2.49 	3
-1.58 	-2.52 	3
-1.39 	-2.55 	3
-1.55 	-2.47 	3
-1.50 	-2.56 	3
-1.57 	-2.45 	3
-1.45 	-2.68 	3
-1.61 	-2.68 	3
-1.52 	-2.88 	3
-1.40 	-2.54 	3
-1.39 	-2.42 	3
-1.56 	-2.59 	3
-1.43 	-2.78 	3
-1.54 	-2.66 	3
-1.35 	-2.48 	3
-1.45 	-2.67 	3
-1.58 	-2.62 	3
-1.53 	-2.54 	3
-1.38 	-2.54 	3
-1.26 	-2.36 	3
-1.37 	-2.55 	3
-1.32 	-2.65 	3
-1.41 	-2.59 	3
-1.22 	-2.71 	3
-1.55 	-2.73 	3
-1.57 	-2.69 	3
-1.26 	-2.66 	3
-1.11 	-2.78 	3
-1.29 	-2.73 	3
-1.28 	-2.54 	3
-1.38 	-2.73 	3
-1.34 	-2.64 	3
-1.36 	-2.83 	3
-1.17 	-2.65 	3
-1.39 	-2.67 	3
-1.32 	-2.65 	3
-1.36 	-2.70 	3
-1.23 	-2.78 	3
-1.22 	-2.96 	3
-1.11 	-2.67 	3
-1.39 	-2.64 	3
-1.15 	-2.79 	3
-1.08 	-2.74 	3
-1.12 	-2.78 	3
-1.09 	-2.83 	3
-1.15 	-2.69 	3
-1.00 	-2.74 	3
-1.11 	-2.68 	3
-1.24 	-2.73 	3
-1.15 	-2.83 	3
-1.20 	-2.83 	3
-1.10 	-2.77 	3
-1.30 	-2.63 	3
-1.09 	-2.86 	3
-1.23 	-2.84 	3
-1.10 	-2.77 	3
-1.06 	-2.72 	3
-1.17 	-2.75 	3
-0.88 	-2.93 	3
-1.12 	-2.80 	3
-1.01 	-2.82 	3
-1.18 	-2.90 	3
-1.06 	-2.97 	3
-1.09 	-2.84 	3
-1.12 	-2.88 	3
-1.10 	-2.81 	3
-0.94 	-2.73 	3
-0.85 	-2.84 	3
-0.97 	-2.82 	3
-1.07 	-2.82 	3
-0.82 	-2.99 	3
-1.01 	-3.01 	3
-0.79 	-2.74 	3
-1.03 	-2.93 	3
-1.04 	-2.83 	3
-1.03 	-2.81 	3
-0.91 	-2.82 	3
-1.03 	-2.89 	3
-0.66 	-2.95 	3
-0.75 	-2.87 	3
-0.82 	-2.85 	3
-0.73 	-2.91 	3
-0.89 	-2.84 	3
-0.76 	-2.97 	3
-0.80 	-2.78 	3
-0.66 	-2.73 	3
-0.68 	-2.88 	3
-0.68 	-2.77 	3
-0.90 	-2.95 	3
-0.62 	-2.91 	3
-0.86 	-2.96 	3
-0.90 	-2.98 	3
-0.67 	-2.88 	3
-0.54 	-3.01 	3
-0.66 	-3.04 	3
-0.74 	-2.79 	3
-0.74 	-3.04 	3
-0.77 	-2.92 	3
-0.84 	-2.97 	3
-0.79 	-2.79 	3
-0.68 	-2.90 	3
-0.57 	-2.79 	3
-0.62 	-3.01 	3
-0.75 	-2.98 	3
-0.55 	-3.04 	3
-0.80 	-2.96 	3
-0.78 	-3.10 	3
-0.67 	-2.96 	3
-0.71 	-3.06 	3
-0.56 	-2.91 	3
-0.63 	-2.95 	3
-0.46 	-2.77 	3
-0.61 	-2.92 	3
-0.34 	-2.84 	3
-0.66 	-2.85 	3
-0.27 	-3.07 	3
-0.63 	-2.85 	3
-0.38 	-3.07 	3
-0.55 	-2.92 	3
-0.55 	-2.92 	3
-0.36 	-3.00 	3
-0.38 	-2.88 	3
-0.43 	-2.85 	3
-0.67 	-3.01 	3
-0.49 	-2.95 	3
-0.56 	-3.11 	3
-0.57 	-2.85 	3
-0.46 	-3.14 	3
-0.49 	-3.03 	3
-0.31 	-3.11 	3
-0.45 	-2.93 	3
-0.39 	-3.08 	3
-0.43 	-2.89 	3
-0.54 	-2.89 	3
-0.37 	-3.12 	3
-0.32 	-2.90 	3
-0.31 	-3.02 	3
-0.31 	-2.76 	3
-0.26 	-2.95 	3
-0.33 	-3.10 	3
-0.31 	-3.01 	3
-0.49 	-2.97 	3
-0.29 	-2.79 	3
-0.26 	-2.80 	3
-0.30 	-2.95 	3
-0.09 	-3.00 	3
-0.43 	-2.96 	3
-0.32 	-2.81 	3
-0.18 	-2.95 	3
-0.29 	-2.95 	3
-0.32 	-3.04 	3
-0.18 	-2.99 	3
-0.27 	-2.80 	3
-0.28 	-2.96 	3
-0.24 	-3.06 	3
-0.36 	-3.00 	3
-0.17 	-2.97 	3
-0.25 	-2.93 	3
-0.17 	-2.98 	3
-0.22 	-3.10 	3
-0.16 	-3.15 	3
-0.24 	-2.82 	3
-0.05 	-3.06 	3
0.01 	-2.88 	3
-0.21 	-2.98 	3
-0.19 	-3.06 	3
-0.06 	-3.11 	3
-0.10 	-2.90 	3
-0.08 	-2.87 	3
0.08 	-2.87 	3
-0.07 	-2.91 	3
0.02 	-3.07 	3
0.07 	-2.97 	3
-0.09 	-2.89 	3
-0.12 	-2.98 	3
0.05 	-3.13 	3
0.09 	-3.06 	3
0.04 	-3.09 	3
-0.03 	-2.90 	3
-0.03 	-3.13 	3
0.11 	-2.95 	3
0.07 	-2.89 	3
0.05 	-3.13 	3
0.15 	-3.00 	3
0.14 	-2.89 	3
0.04 	-2.89 	3
0.13 	-3.01 	3
0.22 	-2.89 	3
0.19 	-3.00 	3
0.00 	-3.00 	3
0.32 	-3.03 	3
0.23 	-3.05 	3
0.18 	-3.00 	3
0.21 	-2.91 	3
-0.02 	-3.19 	3
0.31 	-2.87 	3
0.29 	-2.90 	3
0.16 	-3.18 	3
0.30 	-3.15 	3
0.09 	-2.87 	3
0.27 	-2.89 	3
-0.03 	-3.00 	3
0.13 	-3.02 	3
0.02 	-2.96 	3
0.21 	-2.88 	3
0.19 	-2.98 	3
0.28 	-3.06 	3
0.43 	-2.91 	3
0.47 	-3.05 	3
0.22 	-3.03 	3
0.29 	-2.89 	3
0.30 	-2.92 	3
0.19 	-3.12 	3
0.26 	-2.86 	3
0.38 	-3.14 	3
0.39 	-2.97 	3
0.16 	-2.79 	3
0.40 	-3.03 	3
0.29 	-2.86 	3
0.54 	-2.91 	3
0.45 	-3.00 	3
0.45 	-2.98 	3
0.21 	-3.02 	3
0.34 	-3.05 	3
0.39 	-3.03 	3
0.51 	-2.82 	3
0.59 	-2.90 	3
0.48 	-2.94 	3
0.51 	-2.85 	3
0.60 	-3.16 	3
0.58 	-2.98 	3
0.42 	-3.02 	3
0.50 	-2.98 	3
0.41 	-3.11 	3
0.53 	-3.00 	3
0.59 	-2.98 	3
0.60 	-2.94 	3
0.60 	-2.96 	3
0.50 	-2.95 	3
0.62 	-2.93 	3
0.68 	-2.90 	3
0.56 	-3.00 	3
0.81 	-2.88 	3
0.50 	-2.96 	3
0.62 	-2.99 	3
0.61 	-2.92 	3
0.68 	-2.95 	3
0.83 	-2.83 	3
0.63 	-2.79 	3
0.52 	-2.67 	3
0.50 	-2.95 	3
0.72 	-2.87 	3
0.55 	-2.93 	3
0.72 	-2.95 	3
0.74 	-2.90 	3
0.46 	-3.02 	3
0.90 	-3.09 	3
0.66 	-2.78 	3
0.86 	-3.08 	3
0.75 	-2.80 	3
0.74 	-3.02 	3
0.74 	-2.99 	3
0.63 	-2.89 	3
0.86 	-2.96 	3
0.76 	-2.85 	3
0.83 	-2.84 	3
0.84 	-2.93 	3
0.91 	-2.86 	3
0.93 	-2.90 	3
1.06 	-2.81 	3
0.96 	-2.92 	3
0.92 	-2.95 	3
0.89 	-2.61 	3
0.97 	-2.91 	3
0.94 	-2.86 	3
0.95 	-2.78 	3
0.94 	-2.88 	3
0.94 	-2.75 	3
0.81 	-2.97 	3
0.91 	-2.96 	3
0.91 	-2.82 	3
0.93 	-2.75 	3
1.26 	-2.78 	3
1.06 	-2.96 	3
0.99 	-2.81 	3
0.96 	-2.69 	3
0.91 	-2.68 	3
0.87 	-2.84 	3
1.05 	-2.80 	3
0.97 	-2.78 	3
1.07 	-2.87 	3
1.15 	-2.73 	3
1.35 	-2.93 	3
1.32 	-2.89 	3
0.98 	-2.77 	3
1.06 	-2.71 	3
1.00 	-3.03 	3
1.02 	-2.58 	3
1.16 	-2.75 	3
1.13 	-2.78 	3
1.26 	-2.83 	3
1.24 	-2.66 	3
1.14 	-2.83 	3
1.13 	-2.62 	3
1.33 	-2.77 	3
1.14 	-2.75 	3
1.19 	-2.72 	3
1.13 	-2.71 	3
1.25 	-2.78 	3
1.22 	-2.96 	3
1.32 	-2.56 	3
1.25 	-2.63 	3
1.16 	-2.72 	3
1.42 	-2.85 	3
1.33 	-2.80 	3
1.15 	-2.69 	3
1.22 	-2.57 	3
1.20 	-2.68 	3
1.33 	-2.83 	3
1.37 	-2.76 	3
1.36 	-2.77 	3
1.44 	-2.59 	3
1.48 	-2.86 	3
1.42 	-2.69 	3
1.20 	-2.77 	3
1.14 	-2.71 	3
1.26 	-2.62 	3
1.29 	-2.67 	3
1.44 	-2.74 	3
1.53 	-2.74 	3
1.51 	-2.60 	3
1.29 	-2.62 	3
1.30 	-2.59 	3
1.55 	-2.69 	3
1.42 	-2.76 	3
1.48 	-2.70 	3
1.30 	-2.37 	3
1.53 	-2.61 	3
1.64 	-2.65 	3
1.50 	-2.32 	3
1.54 	-2.56 	3
1.46 	-2.61 	3
1.55 	-2.54 	3
1.45 	-2.69 	3
1.55 	-2.57 	3
1.53 	-2.70 	3
1.45 	-2.55 	3
1.46 	-2.65 	3
1.28 	-2.64 	3
1.62 	-2.76 	3
1.61 	-2.46 	3
1.65 	-2.59 	3
1.61 	-2.48 	3
1.54 	-2.47 	3
1.65 	-2.50 	3
1.71 	-2.56 	3
1.62 	-2.60 	3
1.67 	-2.38 	3
1.68 	-2.38 	3
1.52 	-2.45 	3
1.73 	-2.48 	3
1.73 	-2.75 	3
1.71 	-2.54 	3
1.57 	-2.37 	3
1.60 	-2.41 	3
1.64 	-2.55 	3
1.75 	-2.56 	3
1.65 	-2.45 	3
1.64 	-2.50 	3
1.69 	-2.42 	3
1.73 	-2.40 	3
1.71 	-2.39 	3
1.73 	-2.47 	3
1.78 	-2.38 	3
1.72 	-2.52 	3
1.66 	-2.50 	3
1.95 	-2.38 	3
1.63 	-2.27 	3
1.70 	-2.53 	3
1.86 	-2.36 	3
1.99 	-2.39 	3
1.93 	-2.44 	3
1.70 	-2.36 	3
1.96 	-2.44 	3
1.79 	-2.29 	3
1.77 	-2.33 	3
1.96 	-2.43 	3
1.90 	-2.18 	3
1.97 	-2.32 	3
1.83 	-2.41 	3
1.86 	-2.31 	3
1.83 	-2.32 	3
1.86 	-2.26 	3
1.95 	-2.29 	3
1.94 	-2.33 	3
1.87 	-2.40 	3
1.99 	-2.20 	3
2.05 	-2.34 	3
1.91 	-2.16 	3
1.96 	-2.36 	3
1.93 	-2.26 	3
2.08 	-2.11 	3
1.75 	-2.28 	3
1.85 	-2.28 	3
2.05 	-2.05 	3
1.99 	-2.34 	3
1.98 	-2.27 	3
2.02 	-2.27 	3
2.15 	-2.09 	3
2.00 	-2.16 	3
2.01 	-2.07 	3
2.07 	-2.37 	3
2.08 	-2.00 	3
2.17 	-2.15 	3
2.22 	-2.10 	3
1.92 	-2.21 	3
1.99 	-2.01 	3
1.93 	-2.18 	3
2.08 	-2.03 	3
2.00 	-2.24 	3
2.08 	-2.01 	3
2.14 	-1.93 	3
2.13 	-2.23 	3
2.04 	-2.09 	3
2.17 	-1.96 	3
2.29 	-2.15 	3
2.18 	-1.99 	3
2.11 	-2.09 	3
2.05 	-2.08 	3
2.22 	-2.03 	3
1.88 	-1.91 	3
2.24 	-2.20 	3
2.17 	-2.12 	3
2.13 	-2.06 	3
2.08 	-2.11 	3
2.27 	-2.10 	3
2.30 	-2.09 	3
2.14 	-1.93 	3
2.38 	-2.15 	3
2.37 	-1.83 	3
2.31 	-1.97 	3
2.23 	-2.00 	3
2.21 	-1.90 	3
2.06 	-1.81 	3
2.13 	-1.88 	3
2.30 	-1.97 	3
2.05 	-2.22 	3
2.22 	-1.97 	3
2.21 	-1.87 	3
2.22 	-2.11 	3
2.29 	-2.01 	3
2.44 	-2.00 	3
2.35 	-1.96 	3
2.21 	-1.75 	3
2.48 	-1.85 	3
2.33 	-1.79 	3
2.31 	-1.85 	3
2.33 	-1.86 	3
2.31 	-1.86 	3
2.36 	-1.95 	3
2.31 	-1.74 	3
2.12 	-1.95 	3
2.54 	-1.90 	3
2.43 	-1.80 	3
2.30 	-1.96 	3
2.42 	-1.81 	3
2.29 	-1.82 	3
2.32 	-1.82 	3
2.48 	-1.90 	3
2.32 	-1.78 	3
2.28 	-1.87 	3
2.36 	-1.94 	3
2.25 	-1.86 	3
2.52 	-1.66 	3
2.36 	-1.71 	3
2.37 	-1.94 	3
2.45 	-1.80 	3
2.67 	-1.90 	3
2.44 	-1.72 	3
2.50 	-1.65 	3
2.59 	-1.69 	3
2.60 	-1.70 	3
2.43 	-1.78 	3
2.42 	-1.58 	3
2.76 	-1.67 	3
2.67 	-1.87 	3
2.38 	-1.64 	3
2.38 	-1.76 	3
2.53 	-1.62 	3
2.50 	-1.47 	3
2.34 	-1.56 	3
2.57 	-1.53 	3
2.48 	-1.56 	3
2.53 	-1.68 	3
2.53 	-1.84 	3
2.56 	-1.64 	3
2.79 	-1.78 	3
2.64 	-1.54 	3
2.57 	-1.52 	3
2.65 	-1.46 	3
2.70 	-1.54 	3
2.82 	-1.42 	3
2.62 	-1.54 	3
2.46 	-1.51 	3
2.49 	-1.53 	3
2.46 	-1.58 	3
2.74 	-1.61 	3
2.59 	-1.49 	3
2.64 	-1.44 	3
2.48 	-1.56 	3
2.66 	-1.57 	3
2.54 	-1.38 	3
2.70 	-1.35 	3
2.74 	-1.50 	3
2.66 	-1.66 	3
2.60 	-1.39 	3
2.60 	-1.44 	3
2.46 	-1.52 	3
2.57 	-1.28 	3
2.82 	-1.42 	3
2.70 	-1.53 	3
2.81 	-1.49 	3
2.70 	-1.35 	3
2.46 	-1.46 	3
2.79 	-1.28 	3
2.59 	-1.46 	3
2.49 	-1.37 	3
2.60 	-1.65 	3
2.73 	-1.50 	3
2.67 	-1.32 	3
2.70 	-1.24 	3
2.84 	-1.43 	3
2.72 	-1.29 	3
2.86 	-1.40 	3
2.76 	-1.27 	3
2.74 	-1.19 	3
2.65 	-1.34 	3
2.79 	-1.19 	3
2.56 	-1.24 	3
2.71 	-1.27 	3
2.82 	-1.06 	3
2.68 	-1.10 	3
2.96 	-1.19 	3
2.80 	-1.24 	3
2.59 	-1.43 	3
2.69 	-1.09 	3
2.82 	-1.41 	3
2.73 	-1.18 	3
2.87 	-1.14 	3
2.87 	-1.25 	3
2.77 	-1.12 	3
2.82 	-1.20 	3
2.73 	-1.09 	3
2.76 	-0.87 	3
2.67 	-1.00 	3
2.84 	-1.11 	3
2.62 	-1.12 	3
2.75 	-1.02 	3
2.87 	-1.14 	3
2.69 	-1.24 	3
2.82 	-1.06 	3
2.74 	-1.00 	3
2.88 	-1.04 	3
2.81 	-0.83 	3
2.67 	-0.96 	3
2.86 	-1.06 	3
2.95 	-0.86 	3
2.84 	-0.94 	3
2.73 	-1.02 	3
2.84 	-0.93 	3
2.86 	-0.86 	3
2.80 	-0.89 	3
2.83 	-0.95 	3
2.97 	-0.90 	3
2.93 	-0.99 	3
2.77 	-0.85 	3
2.94 	-0.78 	3
2.93 	-0.99 	3
2.87 	-0.88 	3
2.79 	-1.00 	3
2.76 	-1.01 	3
2.95 	-0.69 	3
2.99 	-0.83 	3
2.86 	-0.84 	3
2.85 	-0.65 	3
2.79 	-0.84 	3
2.83 	-0.89 	3
2.93 	-0.79 	3
2.89 	-0.60 	3
2.90 	-0.82 	3
2.91 	-0.73 	3
2.78 	-0.69 	3
2.93 	-0.89 	3
3.00 	-0.83 	3
2.98 	-0.89 	3
2.84 	-0.70 	3
2.86 	-0.72 	3
2.96 	-0.81 	3
2.71 	-0.75 	3
3.04 	-0.78 	3
2.75 	-0.60 	3
2.91 	-0.60 	3
2.99 	-0.74 	3
2.98 	-0.74 	3
2.94 	-0.77 	3
2.84 	-0.58 	3
2.90 	-0.59 	3
2.82 	-0.63 	3
2.79 	-0.56 	3
3.02 	-0.56 	3
3.06 	-0.53 	3
2.96 	-0.70 	3
3.05 	-0.56 	3
2.92 	-0.56 	3
2.94 	-0.65 	3
2.88 	-0.47 	3
2.89 	-0.56 	3
2.98 	-0.57 	3
2.96 	-0.34 	3
3.11 	-0.62 	3
2.81 	-0.35 	3
3.05 	-0.36 	3
2.91 	-0.31 	3
2.93 	-0.57 	3
2.84 	-0.37 	3
3.01 	-0.38 	3
3.08 	-0.51 	3
2.92 	-0.51 	3
3.08 	-0.33 	3
2.89 	-0.54 	3
2.87 	-0.26 	3
2.98 	-0.65 	3
2.99 	-0.31 	3
2.91 	-0.46 	3
2.85 	-0.55 	3
2.86 	-0.23 	3
2.96 	-0.50 	3
2.90 	-0.45 	3
2.85 	-0.30 	3
3.18 	-0.16 	3
3.02 	-0.19 	3
3.12 	-0.39 	3
2.97 	-0.12 	3
3.07 	-0.36 	3
3.25 	-0.30 	3
3.07 	-0.14 	3
3.13 	-0.15 	3
3.02 	-0.25 	3
3.12 	-0.33 	3
2.80 	-0.25 	3
3.07 	-0.34 	3
3.10 	-0.26 	3
2.86 	-0.29 	3
2.97 	-0.15 	3
2.97 	-0.20 	3
2.75 	-0.35 	3
3.13 	-0.26 	3
2.99 	-0.18 	3
3.01 	-0.15 	3
3.04 	-0.04 	3
3.01 	-0.28 	3
3.19 	-0.15 	3
3.02 	0.00 	3
2.84 	-0.21 	3
3.00 	-0.30 	3
2.97 	-0.06 	3
2.94 	-0.18 	3
2.96 	-0.14 	3
3.07 	-0.04 	3
2.93 	-0.09 	3
2.95 	-0.02 	3
3.04 	-0.05 	3
2.98 	0.12 	3
2.86 	-0.13 	3
3.24 	-0.03 	3
1.93 	-0.11 	2
2.09 	-0.12 	2
2.11 	0.09 	2
1.98 	0.06 	2
1.96 	0.05 	2
1.97 	0.12 	2
2.06 	-0.05 	2
2.23 	0.22 	2
2.07 	0.03 	2
2.24 	0.11 	2
1.97 	-0.08 	2
1.92 	0.01 	2
1.89 	0.20 	2
1.91 	0.13 	2
1.98 	0.05 	2
1.93 	0.18 	2
2.08 	0.19 	2
2.00 	0.13 	2
1.87 	0.23 	2
1.99 	0.26 	2
2.03 	0.28 	2
1.91 	0.17 	2
2.14 	0.48 	2
2.07 	0.26 	2
1.87 	0.20 	2
1.98 	0.15 	2
2.14 	0.45 	2
1.90 	0.40 	2
1.92 	0.30 	2
1.87 	0.39 	2
1.93 	0.46 	2
2.01 	0.45 	2
2.08 	0.15 	2
2.06 	0.39 	2
1.93 	0.38 	2
1.86 	0.50 	2
1.87 	0.47 	2
1.78 	0.65 	2
1.77 	0.57 	2
2.16 	0.47 	2
2.03 	0.37 	2
1.96 	0.64 	2
1.98 	0.42 	2
2.04 	0.67 	2
1.93 	0.64 	2
1.94 	0.65 	2
2.03 	0.50 	2
1.94 	0.69 	2
1.93 	0.46 	2
1.97 	0.57 	2
2.01 	0.45 	2
1.82 	0.59 	2
1.93 	0.46 	2
1.85 	0.69 	2
1.96 	0.82 	2
1.83 	0.73 	2
1.93 	0.63 	2
1.89 	0.61 	2
1.82 	0.77 	2
2.02 	0.81 	2
1.76 	0.69 	2
2.02 	0.98 	2
1.84 	0.71 	2
1.98 	0.58 	2
1.96 	0.84 	2
1.95 	0.75 	2
1.98 	0.90 	2
1.73 	0.71 	2
1.83 	0.98 	2
1.94 	0.86 	2
1.89 	0.90 	2
1.71 	0.76 	2
1.82 	0.92 	2
1.83 	1.04 	2
1.78 	0.87 	2
1.78 	0.89 	2
1.84 	1.04 	2
1.63 	0.90 	2
1.74 	1.05 	2
1.79 	0.78 	2
1.68 	1.06 	2
1.88 	0.91 	2
1.77 	1.01 	2
1.74 	1.12 	2
1.76 	0.89 	2
1.78 	0.92 	2
1.65 	0.68 	2
1.72 	1.03 	2
1.64 	1.09 	2
1.67 	1.01 	2
1.70 	1.19 	2
1.58 	1.01 	2
1.67 	1.33 	2
1.87 	1.05 	2
1.66 	1.20 	2
1.50 	1.39 	2
1.74 	1.03 	2
1.54 	1.16 	2
1.65 	1.17 	2
1.70 	1.07 	2
1.84 	1.02 	2
1.66 	1.20 	2
1.73 	1.22 	2
1.84 	1.21 	2
1.55 	1.27 	2
1.68 	1.32 	2
1.68 	1.28 	2
1.54 	1.25 	2
1.40 	1.22 	2
1.39 	1.09 	2
1.47 	1.28 	2
1.41 	1.29 	2
1.54 	1.39 	2
1.52 	1.32 	2
1.59 	1.35 	2
1.46 	1.44 	2
1.44 	1.26 	2
1.43 	1.35 	2
1.40 	1.14 	2
1.44 	1.28 	2
1.46 	1.26 	2
1.45 	1.44 	2
1.44 	1.44 	2
1.38 	1.35 	2
1.45 	1.48 	2
1.41 	1.43 	2
1.40 	1.44 	2
1.41 	1.47 	2
1.40 	1.31 	2
1.41 	1.38 	2
1.36 	1.56 	2
1.20 	1.46 	2
1.17 	1.48 	2
1.27 	1.56 	2
1.28 	1.46 	2
1.39 	1.49 	2
1.24 	1.37 	2
1.23 	1.53 	2
1.36 	1.37 	2
1.41 	1.65 	2
1.33 	1.47 	2
1.21 	1.65 	2
1.22 	1.59 	2
1.02 	1.53 	2
1.36 	1.55 	2
1.27 	1.68 	2
1.37 	1.63 	2
1.11 	1.46 	2
1.20 	1.45 	2
1.30 	1.66 	2
1.23 	1.71 	2
1.29 	1.63 	2
1.20 	1.84 	2
0.91 	1.64 	2
1.07 	1.80 	2
1.29 	1.72 	2
1.11 	1.74 	2
1.01 	1.57 	2
1.01 	1.74 	2
1.05 	1.76 	2
1.07 	1.66 	2
0.88 	1.53 	2
1.18 	1.75 	2
0.86 	1.61 	2
0.90 	1.63 	2
1.16 	1.71 	2
0.91 	1.73 	2
1.00 	1.70 	2
1.03 	1.84 	2
1.06 	1.53 	2
1.09 	1.84 	2
0.80 	1.60 	2
0.99 	1.84 	2
0.96 	1.71 	2
0.77 	1.61 	2
1.00 	1.71 	2
1.05 	1.93 	2
1.08 	1.77 	2
0.92 	1.89 	2
0.87 	1.84 	2
0.89 	1.85 	2
0.84 	1.78 	2
0.90 	1.86 	2
0.76 	1.80 	2
0.75 	1.74 	2
0.91 	2.07 	2
0.58 	1.79 	2
0.92 	2.01 	2
0.81 	1.79 	2
0.80 	1.60 	2
0.93 	1.74 	2
0.72 	1.86 	2
0.70 	1.93 	2
0.81 	2.00 	2
0.79 	1.93 	2
0.48 	1.91 	2
0.82 	1.79 	2
0.75 	1.97 	2
0.65 	1.76 	2
0.58 	1.81 	2
0.53 	1.99 	2
0.46 	1.79 	2
0.53 	2.07 	2
0.49 	1.72 	2
0.57 	1.97 	2
0.56 	1.97 	2
0.65 	2.04 	2
0.39 	2.05 	2
0.51 	2.00 	2
0.30 	2.13 	2
0.35 	1.88 	2
0.38 	1.83 	2
0.34 	1.92 	2
0.57 	2.04 	2
0.32 	1.98 	2
0.34 	1.92 	2
0.61 	1.90 	2
0.39 	1.86 	2
0.45 	1.87 	2
0.17 	1.82 	2
0.59 	1.96 	2
0.34 	1.86 	2
0.38 	1.77 	2
0.36 	1.68 	2
0.24 	2.16 	2
0.34 	2.01 	2
0.29 	1.84 	2
0.16 	1.91 	2
0.34 	2.09 	2
0.07 	2.16 	2
0.19 	2.05 	2
0.47 	2.07 	2
0.15 	2.10 	2
0.27 	1.97 	2
0.20 	2.06 	2
0.35 	1.83 	2
0.24 	1.74 	2
0.34 	2.06 	2
0.07 	1.96 	2
0.22 	2.18 	2
0.03 	2.20 	2
0.09 	1.83 	2
0.02 	2.04 	2
0.08 	1.96 	2
0.10 	2.00 	2
0.07 	1.94 	2
0.13 	1.93 	2
-0.10 	2.13 	2
0.02 	2.03 	2
0.06 	1.96 	2
0.01 	1.81 	2
-0.33 	1.89 	2
-0.17 	1.88 	2
-0.08 	1.92 	2
-0.32 	1.96 	2
-0.02 	1.86 	2
-0.01 	2.05 	2
-0.16 	1.96 	2
-0.15 	2.05 	2
-0.29 	2.08 	2
-0.02 	1.97 	2
-0.11 	1.87 	2
-0.27 	2.12 	2
-0.28 	1.92 	2
-0.09 	2.00 	2
-0.17 	1.99 	2
-0.13 	2.10 	2
-0.05 	1.92 	2
-0.15 	1.99 	2
-0.34 	1.83 	2
-0.09 	2.08 	2
-0.26 	1.81 	2
-0.19 	1.92 	2
-0.32 	1.98 	2
-0.43 	2.14 	2
-0.25 	2.02 	2
-0.36 	1.91 	2
-0.46 	1.98 	2
-0.31 	2.00 	2
-0.54 	2.01 	2
-0.30 	1.99 	2
-0.40 	1.91 	2
-0.47 	2.04 	2
-0.29 	1.96 	2
-0.46 	1.85 	2
-0.43 	2.10 	2
-0.39 	1.75 	2
-0.44 	1.92 	2
-0.55 	1.90 	2
-0.48 	1.90 	2
-0.65 	1.98 	2
-0.52 	1.80 	2
-0.52 	2.06 	2
-0.56 	1.89 	2
-0.47 	1.84 	2
-0.71 	1.86 	2
-0.46 	1.88 	2
-0.50 	1.94 	2
-0.71 	1.88 	2
-0.58 	1.78 	2
-0.43 	1.82 	2
-0.72 	1.93 	2
-0.53 	1.86 	2
-0.65 	1.89 	2
-0.58 	1.84 	2
-0.56 	2.09 	2
-0.77 	1.87 	2
-0.51 	1.87 	2
-0.73 	1.93 	2
-0.83 	1.90 	2
-1.01 	1.98 	2
-0.66 	1.74 	2
-0.74 	1.95 	2
-0.83 	1.69 	2
-0.77 	1.74 	2
-0.73 	1.88 	2
-0.70 	1.75 	2
-0.69 	1.99 	2
-1.02 	1.77 	2
-0.83 	1.77 	2
-0.90 	1.65 	2
-0.82 	1.72 	2
-0.75 	1.54 	2
-0.99 	1.91 	2
-0.91 	1.70 	2
-0.88 	1.93 	2
-0.93 	1.71 	2
-0.93 	1.95 	2
-0.98 	1.86 	2
-0.91 	1.75 	2
-0.95 	1.70 	2
-0.86 	1.87 	2
-1.03 	1.66 	2
-1.11 	1.92 	2
-1.14 	1.80 	2
-0.89 	1.81 	2
-1.03 	1.80 	2
-1.19 	1.70 	2
-0.90 	1.81 	2
-1.20 	1.91 	2
-1.10 	1.66 	2
-1.21 	1.72 	2
-1.07 	1.86 	2
-1.00 	1.69 	2
-1.11 	1.65 	2
-1.05 	1.60 	2
-1.26 	1.70 	2
-1.14 	1.76 	2
-1.07 	1.45 	2
-1.38 	1.89 	2
-1.30 	1.60 	2
-1.11 	1.67 	2
-1.02 	1.68 	2
-1.32 	1.58 	2
-1.18 	1.54 	2
-1.26 	1.71 	2
-1.13 	1.57 	2
-1.35 	1.51 	2
-1.18 	1.56 	2
-1.12 	1.60 	2
-1.43 	1.53 	2
-1.36 	1.62 	2
-1.22 	1.44 	2
-1.39 	1.55 	2
-1.42 	1.45 	2
-1.37 	1.40 	2
-1.29 	1.54 	2
-1.43 	1.47 	2
-1.31 	1.60 	2
-1.25 	1.39 	2
-1.37 	1.57 	2
-1.22 	1.38 	2
-1.36 	1.56 	2
-1.33 	1.20 	2
-1.48 	1.49 	2
-1.33 	1.51 	2
-1.46 	1.40 	2
-1.40 	1.44 	2
-1.59 	1.37 	2
-1.42 	1.38 	2
-1.52 	1.42 	2
-1.63 	1.39 	2
-1.39 	1.50 	2
-1.23 	1.28 	2
-1.43 	1.32 	2
-1.40 	1.30 	2
-1.49 	1.22 	2
-1.51 	1.23 	2
-1.54 	1.17 	2
-1.61 	1.24 	2
-1.44 	1.38 	2
-1.42 	1.16 	2
-1.64 	1.28 	2
-1.49 	1.19 	2
-1.59 	1.28 	2
-1.76 	1.27 	2
-1.62 	1.06 	2
-1.42 	1.18 	2
-1.60 	1.33 	2
-1.62 	1.21 	2
-1.59 	1.27 	2
-1.40 	1.20 	2
-1.62 	1.18 	2
-1.66 	1.29 	2
-1.66 	1.25 	2
-1.44 	1.18 	2
-1.58 	0.97 	2
-1.68 	1.06 	2
-1.65 	0.79 	2
-1.67 	1.11 	2
-1.67 	1.04 	2
-1.73 	1.08 	2
-1.81 	0.87 	2
-1.86 	1.17 	2
-1.71 	0.92 	2
-1.70 	1.20 	2
-1.75 	1.04 	2
-1.63 	1.07 	2
-1.76 	0.95 	2
-1.71 	1.11 	2
-1.74 	0.76 	2
-1.74 	0.81 	2
-1.83 	0.84 	2
-1.75 	1.17 	2
-1.78 	1.08 	2
-1.71 	0.94 	2
-1.71 	0.71 	2
-1.73 	0.86 	2
-1.79 	0.96 	2
-1.72 	0.79 	2
-1.75 	0.87 	2
-2.08 	1.00 	2
-1.94 	0.69 	2
-1.79 	0.90 	2
-1.93 	0.74 	2
-1.82 	0.83 	2
-1.75 	0.78 	2
-1.99 	0.83 	2
-1.80 	0.87 	2
-1.83 	0.71 	2
-1.84 	0.62 	2
-1.98 	0.59 	2
-1.78 	0.69 	2
-2.02 	0.81 	2
-2.08 	0.70 	2
-1.87 	0.67 	2
-1.71 	0.62 	2
-1.84 	0.73 	2
-1.74 	0.71 	2
-2.02 	0.66 	2
-1.89 	0.49 	2
-1.87 	0.64 	2
-1.95 	0.56 	2
-2.04 	0.68 	2
-1.86 	0.54 	2
-2.00 	0.58 	2
-1.94 	0.50 	2
-1.95 	0.44 	2
-1.96 	0.42 	2
-2.10 	0.49 	2
-1.89 	0.42 	2
-2.13 	0.66 	2
-1.85 	0.57 	2
-1.99 	0.55 	2
-1.79 	0.56 	2
-1.99 	0.31 	2
-1.85 	0.41 	2
-1.67 	0.46 	2
-2.08 	0.12 	2
-1.89 	0.39 	2
-2.04 	0.44 	2
-2.05 	0.47 	2
-2.00 	0.25 	2
-1.86 	0.19 	2
-1.92 	0.21 	2
-2.08 	0.20 	2
-2.06 	0.33 	2
-2.01 	0.25 	2
-1.87 	0.30 	2
-1.97 	0.22 	2
-2.04 	0.20 	2
-1.92 	0.30 	2
-2.12 	0.39 	2
-1.90 	0.38 	2
-2.02 	0.26 	2
-2.01 	0.28 	2
-1.95 	0.19 	2
-2.14 	0.25 	2
-1.97 	0.17 	2
-1.82 	0.00 	2
-1.92 	0.01 	2
-1.90 	0.19 	2
-2.13 	0.23 	2
-2.03 	0.02 	2
-1.99 	0.02 	2
-1.96 	-0.05 	2
-1.92 	0.07 	2
-2.16 	0.12 	2
-2.05 	-0.02 	2
-2.01 	-0.23 	2
-1.73 	0.05 	2
-1.94 	-0.09 	2
-2.11 	0.02 	2
-2.16 	-0.10 	2
-2.01 	-0.08 	2
-2.07 	-0.06 	2
-2.03 	-0.01 	2
-2.06 	-0.16 	2
-1.97 	-0.04 	2
-1.98 	0.04 	2
-2.03 	0.02 	2
-1.93 	-0.18 	2
-2.17 	-0.11 	2
-2.02 	-0.21 	2
-1.99 	-0.20 	2
-2.02 	-0.25 	2
-1.88 	0.05 	2
-2.15 	-0.19 	2
-1.96 	-0.15 	2
-2.22 	-0.23 	2
-2.20 	-0.06 	2
-2.09 	-0.45 	2
-1.89 	-0.20 	2
-2.08 	-0.17 	2
-1.97 	-0.50 	2
-1.88 	-0.35 	2
-1.90 	-0.32 	2
-1.98 	-0.22 	2
-2.03 	-0.35 	2
-1.81 	-0.26 	2
-2.01 	-0.50 	2
-1.94 	-0.34 	2
-1.81 	-0.27 	2
-2.21 	-0.46 	2
-2.02 	-0.36 	2
-1.85 	-0.52 	2
-1.87 	-0.47 	2
-1.91 	-0.42 	2
-1.99 	-0.39 	2
-1.76 	-0.62 	2
-1.95 	-0.50 	2
-1.96 	-0.60 	2
-1.95 	-0.51 	2
-1.91 	-0.50 	2
-2.06 	-0.68 	2
-1.87 	-0.45 	2
-1.93 	-0.61 	2
-1.96 	-0.63 	2
-1.68 	-0.47 	2
-1.96 	-0.46 	2
-2.07 	-0.75 	2
-1.85 	-0.59 	2
-1.99 	-0.64 	2
-2.02 	-0.55 	2
-1.84 	-0.67 	2
-1.87 	-0.76 	2
-1.73 	-0.78 	2
-1.55 	-0.71 	2
-1.80 	-0.67 	2
-1.89 	-0.67 	2
-1.84 	-0.59 	2
-1.97 	-0.85 	2
-1.74 	-0.84 	2
-1.91 	-0.69 	2
-1.80 	-0.86 	2
-1.84 	-1.01 	2
-1.86 	-0.85 	2
-1.92 	-0.89 	2
-1.92 	-0.73 	2
-1.77 	-1.04 	2
-1.78 	-1.05 	2
-1.80 	-0.87 	2
-2.00 	-0.92 	2
-1.67 	-0.87 	2
-1.77 	-0.87 	2
-1.62 	-0.88 	2
-1.79 	-0.91 	2
-1.54 	-0.85 	2
-1.97 	-0.93 	2
-1.80 	-0.98 	2
-1.67 	-0.85 	2
-1.64 	-0.90 	2
-1.80 	-1.01 	2
-1.69 	-1.11 	2
-1.86 	-1.16 	2
-1.68 	-0.86 	2
-1.79 	-1.11 	2
-1.54 	-1.15 	2
-1.67 	-1.04 	2
-1.74 	-1.13 	2
-1.58 	-1.14 	2
-1.66 	-1.03 	2
-1.61 	-1.26 	2
-1.61 	-1.16 	2
-1.75 	-1.11 	2
-1.67 	-1.22 	2
-1.79 	-1.13 	2
-1.69 	-1.19 	2
-1.64 	-1.02 	2
-1.85 	-1.13 	2
-1.50 	-1.16 	2
-1.48 	-1.22 	2
-1.72 	-1.23 	2
-1.65 	-1.26 	2
-1.53 	-1.46 	2
-1.39 	-1.18 	2
-1.59 	-1.25 	2
-1.66 	-1.10 	2
-1.46 	-1.36 	2
-1.48 	-1.18 	2
-1.54 	-1.29 	2
-1.35 	-1.47 	2
-1.60 	-1.38 	2
-1.55 	-1.23 	2
-1.52 	-1.09 	2
-1.71 	-1.47 	2
-1.46 	-1.34 	2
-1.53 	-1.24 	2
-1.67 	-1.37 	2
-1.55 	-1.37 	2
-1.40 	-1.41 	2
-1.61 	-1.25 	2
-1.55 	-1.31 	2
-1.41 	-1.36 	2
-1.24 	-1.31 	2
-1.56 	-1.27 	2
-1.45 	-1.25 	2
-1.35 	-1.45 	2
-1.49 	-1.51 	2
-1.37 	-1.41 	2
-1.37 	-1.40 	2
-1.41 	-1.58 	2
-1.38 	-1.56 	2
-1.29 	-1.33 	2
-1.33 	-1.60 	2
-1.35 	-1.36 	2
-1.39 	-1.58 	2
-1.46 	-1.52 	2
-1.45 	-1.25 	2
-1.33 	-1.61 	2
-1.21 	-1.61 	2
-1.08 	-1.48 	2
-1.38 	-1.57 	2
-1.29 	-1.62 	2
-1.39 	-1.65 	2
-1.18 	-1.64 	2
-1.42 	-1.56 	2
-1.26 	-1.47 	2
-1.18 	-1.64 	2
-1.10 	-1.61 	2
-1.15 	-1.63 	2
-0.91 	-1.57 	2
-1.05 	-1.70 	2
-1.23 	-1.63 	2
-1.14 	-1.61 	2
-1.21 	-1.73 	2
-1.11 	-1.78 	2
-1.12 	-1.56 	2
-1.06 	-1.65 	2
-1.06 	-1.79 	2
-0.98 	-1.78 	2
-1.01 	-1.70 	2
-0.95 	-1.70 	2
-1.02 	-1.62 	2
-1.07 	-1.68 	2
-0.93 	-1.69 	2
-1.06 	-1.79 	2
-1.10 	-1.66 	2
-1.09 	-1.80 	2
-1.06 	-1.84 	2
-0.90 	-1.92 	2
-1.04 	-1.70 	2
-0.86 	-1.73 	2
-0.80 	-1.79 	2
-0.82 	-1.74 	2
-1.05 	-1.71 	2
-0.95 	-1.95 	2
-0.84 	-1.83 	2
-0.74 	-1.61 	2
-0.93 	-2.00 	2
-0.90 	-1.86 	2
-0.74 	-1.90 	2
-0.77 	-1.80 	2
-0.79 	-1.69 	2
-0.86 	-1.82 	2
-0.73 	-1.89 	2
-0.85 	-1.94 	2
-0.77 	-1.89 	2
-0.66 	-1.85 	2
-0.89 	-2.05 	2
-0.74 	-1.85 	2
-0.65 	-1.74 	2
-0.60 	-1.86 	2
-0.74 	-1.97 	2
-0.73 	-1.82 	2
-0.78 	-1.91 	2
-0.83 	-1.91 	2
-0.56 	-1.74 	2
-0.58 	-1.85 	2
-0.58 	-1.94 	2
-0.74 	-1.84 	2
-0.64 	-1.98 	2
-0.63 	-2.03 	2
-0.48 	-1.87 	2
-0.50 	-1.90 	2
-0.48 	-1.86 	2
-0.48 	-1.89 	2
-0.54 	-1.84 	2
-0.62 	-1.88 	2
-0.36 	-1.82 	2
-0.58 	-2.08 	2
-0.42 	-2.13 	2
-0.52 	-1.98 	2
-0.38 	-2.11 	2
-0.46 	-2.07 	2
-0.57 	-1.73 	2
-0.38 	-2.18 	2
-0.48 	-2.13 	2
-0.56 	-2.07 	2
-0.42 	-2.19 	2
-0.36 	-2.14 	2
-0.31 	-2.01 	2
-0.26 	-1.93 	2
-0.27 	-1.98 	2
-0.38 	-1.96 	2
-0.26 	-1.93 	2
-0.38 	-1.86 	2
-0.31 	-1.94 	2
-0.28 	-2.01 	2
-0.17 	-2.02 	2
-0.32 	-1.96 	2
-0.23 	-2.09 	2
-0.19 	-1.98 	2
-0.10 	-1.97 	2
-0.34 	-2.01 	2
-0.19 	-1.93 	2
-0.27 	-2.14 	2
-0.21 	-1.93 	2
-0.03 	-2.12 	2
-0.15 	-1.93 	2
0.07 	-1.99 	2
-0.18 	-1.92 	2
-0.16 	-1.96 	2
-0.08 	-1.90 	2
-0.01 	-2.09 	2
0.03 	-2.12 	2
-0.25 	-2.07 	2
-0.04 	-2.31 	2
-0.09 	-2.00 	2
-0.02 	-1.75 	2
-0.10 	-1.99 	2
0.04 	-1.83 	2
0.19 	-2.05 	2
0.02 	-2.18 	2
0.18 	-1.92 	2
-0.08 	-2.05 	2
0.00 	-1.89 	2
0.17 	-1.95 	2
0.06 	-2.00 	2
-0.09 	-1.88 	2
0.26 	-2.01 	2
0.10 	-2.11 	2
0.18 	-1.93 	2
0.13 	-1.94 	2
0.15 	-2.03 	2
0.26 	-1.93 	2
0.12 	-1.81 	2
0.13 	-2.07 	2
0.36 	-1.99 	2
0.20 	-1.92 	2
0.19 	-2.07 	2
0.34 	-2.00 	2
0.39 	-1.97 	2
0.36 	-1.90 	2
0.28 	-1.90 	2
0.47 	-2.04 	2
0.20 	-1.86 	2
0.25 	-1.96 	2
0.51 	-1.83 	2
0.31 	-2.05 	2
0.21 	-2.01 	2
0.40 	-1.90 	2
0.51 	-2.05 	2
0.25 	-1.96 	2
0.45 	-1.88 	2
0.48 	-2.01 	2
0.52 	-2.03 	2
0.49 	-1.95 	2
0.35 	-1.84 	2
0.62 	-2.13 	2
0.45 	-1.93 	2
0.48 	-2.01 	2
0.50 	-1.89 	2
0.56 	-2.05 	2
0.38 	-1.94 	2
0.61 	-1.91 	2
0.47 	-1.93 	2
0.46 	-2.01 	2
0.58 	-1.99 	2
0.50 	-2.00 	2
0.64 	-2.03 	2
0.59 	-1.97 	2
0.68 	-1.76 	2
0.53 	-1.93 	2
0.67 	-1.72 	2
0.71 	-2.00 	2
0.52 	-1.99 	2
0.82 	-2.03 	2
0.75 	-1.93 	2
0.82 	-1.86 	2
0.68 	-1.77 	2
0.72 	-1.77 	2
0.63 	-1.67 	2
0.52 	-1.86 	2
0.78 	-1.93 	2
0.79 	-1.78 	2
0.85 	-1.84 	2
0.81 	-1.97 	2
0.82 	-1.85 	2
0.77 	-1.87 	2
0.71 	-1.81 	2
0.84 	-1.66 	2
0.87 	-1.96 	2
0.96 	-1.83 	2
0.81 	-1.81 	2
1.10 	-1.72 	2
1.12 	-1.90 	2
0.80 	-1.71 	2
0.88 	-1.83 	2
0.88 	-1.69 	2
1.08 	-1.72 	2
0.99 	-1.72 	2
1.06 	-1.54 	2
0.86 	-1.60 	2
1.25 	-1.76 	2
1.22 	-1.88 	2
1.05 	-1.61 	2
1.02 	-1.53 	2
1.03 	-1.76 	2
0.84 	-1.67 	2
1.02 	-1.70 	2
1.12 	-1.59 	2
1.09 	-1.60 	2
1.23 	-1.76 	2
0.97 	-1.77 	2
1.21 	-1.73 	2
1.22 	-1.68 	2
1.28 	-1.74 	2
1.15 	-1.74 	2
1.17 	-1.42 	2
1.26 	-1.71 	2
1.24 	-1.43 	2
1.18 	-1.53 	2
1.26 	-1.64 	2
1.18 	-1.49 	2
1.04 	-1.67 	2
1.16 	-1.56 	2
1.33 	-1.44 	2
1.29 	-1.68 	2
1.25 	-1.47 	2
1.31 	-1.52 	2
1.27 	-1.59 	2
1.25 	-1.47 	2
1.32 	-1.48 	2
1.40 	-1.64 	2
1.33 	-1.60 	2
1.29 	-1.48 	2
1.34 	-1.62 	2
1.34 	-1.36 	2
1.41 	-1.41 	2
1.33 	-1.48 	2
1.36 	-1.44 	2
1.47 	-1.44 	2
1.36 	-1.36 	2
1.54 	-1.33 	2
1.60 	-1.39 	2
1.45 	-1.39 	2
1.48 	-1.48 	2
1.43 	-1.30 	2
1.55 	-1.32 	2
1.41 	-1.47 	2
1.45 	-1.23 	2
1.49 	-1.17 	2
1.48 	-1.23 	2
1.60 	-1.19 	2
1.42 	-1.18 	2
1.59 	-1.34 	2
1.58 	-1.54 	2
1.57 	-1.37 	2
1.34 	-1.22 	2
1.53 	-1.31 	2
1.42 	-1.23 	2
1.60 	-1.16 	2
1.62 	-1.41 	2
1.46 	-1.42 	2
1.59 	-1.18 	2
1.76 	-1.20 	2
1.72 	-1.04 	2
1.51 	-1.26 	2
1.67 	-1.10 	2
1.56 	-1.17 	2
1.52 	-1.07 	2
1.72 	-1.15 	2
1.72 	-1.04 	2
1.66 	-1.00 	2
1.85 	-0.98 	2
1.69 	-1.17 	2
1.65 	-1.30 	2
1.61 	-1.04 	2
1.45 	-1.23 	2
1.53 	-0.90 	2
1.69 	-1.13 	2
1.75 	-0.99 	2
1.57 	-1.19 	2
1.71 	-1.20 	2
1.69 	-0.98 	2
1.75 	-1.06 	2
1.75 	-1.00 	2
1.80 	-1.18 	2
1.67 	-0.95 	2
1.90 	-0.83 	2
1.86 	-1.00 	2
1.76 	-0.96 	2
1.81 	-1.05 	2
1.70 	-1.06 	2
1.84 	-1.00 	2
1.94 	-0.83 	2
1.85 	-0.92 	2
1.83 	-0.81 	2
2.02 	-0.71 	2
1.98 	-0.82 	2
1.83 	-0.65 	2
1.59 	-0.84 	2
1.83 	-0.74 	2
1.86 	-0.79 	2
1.65 	-0.86 	2
1.84 	-0.98 	2
1.87 	-1.10 	2
1.68 	-0.79 	2
1.80 	-0.84 	2
1.78 	-0.83 	2
1.88 	-0.80 	2
1.92 	-0.69 	2
2.01 	-0.85 	2
1.90 	-0.63 	2
1.99 	-0.71 	2
1.98 	-0.75 	2
1.97 	-0.70 	2
2.11 	-0.86 	2
2.04 	-0.69 	2
1.94 	-0.68 	2
2.08 	-0.60 	2
1.86 	-0.59 	2
2.02 	-0.47 	2
1.94 	-0.67 	2
1.86 	-0.35 	2
1.90 	-0.60 	2
1.87 	-0.60 	2
1.77 	-0.73 	2
1.87 	-0.40 	2
2.04 	-0.35 	2
1.89 	-0.48 	2
1.99 	-0.46 	2
1.91 	-0.40 	2
1.84 	-0.46 	2
1.98 	-0.35 	2
1.98 	-0.45 	2
2.01 	-0.22 	2
1.89 	-0.53 	2
2.06 	-0.44 	2
2.10 	-0.38 	2
1.92 	-0.18 	2
2.07 	-0.42 	2
1.94 	-0.33 	2
2.07 	-0.46 	2
2.20 	-0.14 	2
1.97 	-0.22 	2
2.00 	-0.24 	2
1.90 	-0.34 	2
1.96 	-0.28 	2
2.03 	-0.24 	2
2.08 	-0.16 	2
1.91 	-0.26 	2
1.94 	-0.18 	2
2.11 	-0.25 	2
1.89 	-0.29 	2
2.01 	-0.13 	2
1.94 	-0.14 	2
1.96 	-0.13 	2
1.91 	-0.02 	2
2.05 	-0.28 	2
1.88 	-0.29 	2
1.90 	-0.10 	2
2.03 	0.00 	2
1.88 	-0.07 	2
2.04 	0.13 	2
2.14 	-0.01 	2
1.83 	-0.04 	2
2.04 	-0.02 	2
2.07 	0.14 	2
1.78 	0.11 	2
1.04 	0.06 	1
0.86 	-0.07 	1
0.90 	-0.17 	1
1.05 	0.07 	1
1.09 	-0.09 	1
1.04 	0.00 	1
1.02 	0.10 	1
0.96 	0.07 	1
0.77 	0.04 	1
0.99 	0.08 	1
0.97 	0.15 	1
1.10 	0.23 	1
1.04 	0.28 	1
0.91 	0.14 	1
0.85 	0.16 	1
1.15 	0.03 	1
0.98 	0.21 	1
1.01 	0.11 	1
1.06 	0.08 	1
1.03 	0.11 	1
0.91 	0.24 	1
1.14 	0.05 	1
1.01 	0.20 	1
0.83 	0.36 	1
0.79 	0.34 	1
1.05 	0.26 	1
1.04 	0.06 	1
1.06 	0.36 	1
0.94 	0.30 	1
0.78 	0.35 	1
1.16 	0.38 	1
0.92 	0.43 	1
0.93 	0.27 	1
0.89 	0.45 	1
0.91 	0.45 	1
0.98 	0.26 	1
1.03 	0.07 	1
0.97 	0.29 	1
0.98 	0.31 	1
0.81 	0.39 	1
0.99 	0.46 	1
0.88 	0.37 	1
0.77 	0.37 	1
0.91 	0.34 	1
1.03 	0.16 	1
0.97 	0.59 	1
0.88 	0.53 	1
0.95 	0.48 	1
0.91 	0.53 	1
0.98 	0.63 	1
0.75 	0.34 	1
0.87 	0.52 	1
0.92 	0.62 	1
0.90 	0.45 	1
1.03 	0.56 	1
0.81 	0.59 	1
0.89 	0.67 	1
0.76 	0.50 	1
0.99 	0.54 	1
0.99 	0.52 	1
0.69 	0.69 	1
0.84 	0.60 	1
0.91 	0.66 	1
0.99 	0.65 	1
0.85 	0.58 	1
0.75 	0.59 	1
0.74 	0.76 	1
0.64 	0.48 	1
0.84 	0.57 	1
0.61 	0.70 	1
0.61 	0.78 	1
0.77 	0.94 	1
0.84 	0.69 	1
0.67 	0.65 	1
0.83 	0.70 	1
0.71 	0.61 	1
0.63 	0.79 	1
0.63 	0.63 	1
0.50 	0.85 	1
0.56 	0.65 	1
0.53 	0.53 	1
0.61 	0.67 	1
0.70 	0.64 	1
0.47 	0.90 	1
0.68 	0.91 	1
0.63 	0.73 	1
0.80 	0.83 	1
0.70 	0.77 	1
0.61 	0.73 	1
0.76 	0.60 	1
0.62 	0.84 	1
0.61 	1.05 	1
0.60 	0.88 	1
0.43 	0.66 	1
0.45 	0.75 	1
0.51 	0.77 	1
0.50 	0.78 	1
0.59 	0.85 	1
0.72 	0.82 	1
0.55 	0.74 	1
0.59 	0.79 	1
0.53 	1.04 	1
0.51 	0.66 	1
0.36 	0.90 	1
0.45 	0.92 	1
0.41 	0.89 	1
0.44 	1.05 	1
0.44 	0.80 	1
0.38 	0.86 	1
0.38 	0.80 	1
0.52 	0.99 	1
0.33 	0.84 	1
0.55 	0.87 	1
0.52 	0.86 	1
0.31 	0.81 	1
0.45 	0.93 	1
0.20 	1.06 	1
0.34 	0.98 	1
0.35 	0.89 	1
0.35 	1.04 	1
0.47 	0.88 	1
0.46 	0.94 	1
0.34 	1.01 	1
0.11 	1.17 	1
0.46 	0.89 	1
0.35 	1.12 	1
0.29 	0.91 	1
0.15 	1.06 	1
0.23 	1.10 	1
0.21 	0.83 	1
0.41 	0.82 	1
0.23 	1.01 	1
0.12 	0.96 	1
0.21 	0.92 	1
0.20 	0.95 	1
0.31 	0.97 	1
0.01 	1.16 	1
0.16 	1.16 	1
0.29 	1.03 	1
-0.02 	0.91 	1
0.06 	0.92 	1
-0.01 	1.03 	1
-0.14 	0.86 	1
0.01 	1.06 	1
-0.14 	1.21 	1
0.06 	0.73 	1
0.03 	0.85 	1
-0.07 	1.09 	1
0.03 	1.02 	1
0.19 	1.06 	1
-0.23 	1.00 	1
-0.09 	1.12 	1
-0.02 	1.07 	1
-0.17 	1.04 	1
-0.10 	1.15 	1
0.02 	0.91 	1
0.02 	1.08 	1
-0.16 	0.89 	1
-0.09 	1.18 	1
0.02 	0.98 	1
-0.12 	0.93 	1
-0.20 	1.12 	1
-0.08 	1.03 	1
-0.24 	1.16 	1
-0.22 	0.86 	1
-0.11 	1.08 	1
-0.05 	0.92 	1
-0.18 	0.98 	1
-0.24 	0.96 	1
-0.21 	0.88 	1
-0.10 	0.98 	1
-0.20 	1.09 	1
-0.10 	0.89 	1
-0.34 	0.93 	1
-0.19 	0.97 	1
-0.21 	0.90 	1
-0.33 	0.92 	1
-0.26 	0.95 	1
-0.38 	1.04 	1
-0.20 	0.89 	1
-0.31 	1.10 	1
-0.26 	1.00 	1
-0.34 	0.85 	1
-0.41 	0.87 	1
-0.29 	0.74 	1
-0.49 	1.08 	1
-0.34 	0.90 	1
-0.38 	1.01 	1
-0.21 	0.81 	1
-0.40 	0.95 	1
-0.55 	0.86 	1
-0.41 	0.86 	1
-0.40 	0.93 	1
-0.53 	0.78 	1
-0.35 	1.03 	1
-0.54 	0.88 	1
-0.36 	0.82 	1
-0.53 	0.92 	1
-0.44 	0.83 	1
-0.56 	0.69 	1
-0.52 	0.82 	1
-0.70 	0.70 	1
-0.54 	0.94 	1
-0.39 	0.79 	1
-0.57 	0.89 	1
-0.68 	0.85 	1
-0.63 	0.76 	1
-0.59 	0.93 	1
-0.75 	0.78 	1
-0.40 	1.00 	1
-0.63 	0.65 	1
-0.72 	0.82 	1
-0.61 	0.88 	1
-0.53 	0.82 	1
-0.63 	0.74 	1
-0.76 	0.70 	1
-0.70 	0.83 	1
-0.70 	0.79 	1
-0.59 	0.77 	1
-0.50 	0.60 	1
-0.61 	0.75 	1
-0.71 	0.79 	1
-0.60 	0.66 	1
-0.68 	0.69 	1
-0.65 	0.75 	1
-0.87 	0.71 	1
-0.66 	0.62 	1
-0.69 	0.81 	1
-0.65 	0.57 	1
-0.69 	0.76 	1
-0.72 	0.57 	1
-0.76 	0.53 	1
-0.83 	0.69 	1
-0.89 	0.62 	1
-1.01 	0.61 	1
-0.88 	0.73 	1
-0.55 	0.65 	1
-0.92 	0.59 	1
-0.87 	0.75 	1
-0.64 	0.54 	1
-0.76 	0.65 	1
-0.95 	0.52 	1
-0.64 	0.49 	1
-0.75 	0.45 	1
-0.81 	0.66 	1
-0.77 	0.56 	1
-0.91 	0.44 	1
-0.75 	0.50 	1
-0.84 	0.59 	1
-0.81 	0.47 	1
-0.87 	0.55 	1
-0.83 	0.62 	1
-0.89 	0.53 	1
-0.83 	0.56 	1
-0.92 	0.52 	1
-0.90 	0.47 	1
-0.95 	0.42 	1
-0.94 	0.58 	1
-0.94 	0.36 	1
-0.93 	0.48 	1
-0.90 	0.34 	1
-0.89 	0.40 	1
-0.85 	0.25 	1
-0.84 	0.34 	1
-0.93 	0.48 	1
-0.95 	0.36 	1
-1.02 	0.27 	1
-1.07 	0.37 	1
-1.09 	0.32 	1
-0.91 	0.36 	1
-1.06 	0.36 	1
-1.03 	0.37 	1
-0.95 	0.12 	1
-1.00 	0.22 	1
-0.79 	0.09 	1
-0.99 	0.19 	1
-1.23 	0.35 	1
-0.99 	0.20 	1
-1.02 	0.29 	1
-1.04 	0.18 	1
-0.77 	0.08 	1
-1.05 	0.21 	1
-0.99 	0.38 	1
-0.99 	0.13 	1
-1.09 	0.22 	1
-1.10 	0.19 	1
-0.90 	-0.02 	1
-0.90 	0.13 	1
-0.92 	0.15 	1
-1.12 	-0.10 	1
-1.08 	0.09 	1
-0.87 	0.07 	1
-1.08 	0.02 	1
-0.83 	0.31 	1
-0.98 	-0.03 	1
-1.25 	0.14 	1
-0.90 	0.13 	1
-1.02 	-0.03 	1
-1.17 	0.03 	1
-1.05 	-0.14 	1
-1.06 	-0.01 	1
-1.09 	0.01 	1
-1.06 	0.02 	1
-1.01 	-0.01 	1
-0.94 	0.10 	1
-1.03 	-0.12 	1
-1.18 	-0.15 	1
-1.18 	-0.21 	1
-1.15 	0.03 	1
-0.89 	-0.07 	1
-1.08 	-0.02 	1
-1.06 	0.09 	1
-0.92 	-0.17 	1
-1.04 	-0.14 	1
-1.00 	-0.14 	1
-1.02 	-0.23 	1
-1.10 	-0.23 	1
-0.96 	-0.17 	1
-1.03 	-0.15 	1
-0.87 	-0.21 	1
-1.13 	-0.18 	1
-0.82 	-0.28 	1
-0.94 	-0.26 	1
-1.15 	-0.21 	1
-0.98 	-0.25 	1
-1.03 	-0.25 	1
-1.05 	-0.49 	1
-0.99 	-0.31 	1
-0.85 	-0.27 	1
-0.94 	-0.44 	1
-1.00 	-0.22 	1
-0.75 	-0.15 	1
-0.84 	-0.51 	1
-0.85 	-0.23 	1
-0.83 	-0.37 	1
-0.81 	-0.34 	1
-0.97 	-0.39 	1
-0.79 	-0.40 	1
-1.04 	-0.40 	1
-0.85 	-0.42 	1
-1.09 	-0.24 	1
-0.58 	-0.52 	1
-0.82 	-0.29 	1
-0.88 	-0.53 	1
-0.96 	-0.41 	1
-1.14 	-0.37 	1
-0.91 	-0.64 	1
-0.85 	-0.40 	1
-0.78 	-0.56 	1
-0.90 	-0.67 	1
-1.03 	-0.48 	1
-0.86 	-0.47 	1
-0.78 	-0.64 	1
-0.84 	-0.39 	1
-0.93 	-0.34 	1
-1.00 	-0.48 	1
-0.55 	-0.70 	1
-0.76 	-0.50 	1
-0.78 	-0.59 	1
-0.80 	-0.62 	1
-0.90 	-0.71 	1
-0.84 	-0.64 	1
-0.83 	-0.67 	1
-0.82 	-0.57 	1
-0.85 	-0.52 	1
-0.80 	-0.65 	1
-0.96 	-0.62 	1
-0.77 	-0.70 	1
-0.80 	-0.53 	1
-0.58 	-0.71 	1
-0.66 	-0.64 	1
-0.85 	-0.70 	1
-0.91 	-0.78 	1
-0.82 	-0.80 	1
-0.59 	-0.83 	1
-0.73 	-0.63 	1
-0.52 	-0.84 	1
-0.66 	-1.02 	1
-0.60 	-0.70 	1
-0.56 	-1.10 	1
-0.73 	-0.75 	1
-0.67 	-0.78 	1
-0.60 	-0.71 	1
-0.77 	-0.78 	1
-0.58 	-0.71 	1
-0.65 	-0.75 	1
-0.51 	-0.64 	1
-0.60 	-0.91 	1
-0.49 	-0.87 	1
-0.54 	-0.81 	1
-0.61 	-0.84 	1
-0.57 	-0.74 	1
-0.69 	-0.82 	1
-0.66 	-0.80 	1
-0.44 	-0.85 	1
-0.54 	-0.96 	1
-0.55 	-0.91 	1
-0.64 	-1.07 	1
-0.57 	-0.92 	1
-0.44 	-1.01 	1
-0.37 	-0.85 	1
-0.52 	-0.62 	1
-0.62 	-1.07 	1
-0.64 	-0.84 	1
-0.39 	-0.62 	1
-0.31 	-0.82 	1
-0.44 	-0.92 	1
-0.37 	-0.80 	1
-0.70 	-0.90 	1
-0.38 	-0.88 	1
-0.32 	-0.93 	1
-0.41 	-0.86 	1
-0.51 	-1.03 	1
-0.44 	-0.95 	1
-0.24 	-1.01 	1
-0.31 	-0.98 	1
-0.46 	-0.90 	1
-0.40 	-0.90 	1
-0.43 	-1.02 	1
-0.29 	-0.96 	1
-0.33 	-1.05 	1
-0.17 	-0.83 	1
-0.26 	-1.05 	1
-0.22 	-0.87 	1
-0.34 	-0.93 	1
-0.26 	-1.03 	1
-0.09 	-0.97 	1
-0.34 	-1.20 	1
-0.23 	-0.96 	1
-0.16 	-1.09 	1
-0.32 	-1.11 	1
-0.04 	-0.95 	1
-0.33 	-0.90 	1
-0.14 	-0.92 	1
-0.35 	-0.96 	1
-0.03 	-0.93 	1
-0.41 	-0.92 	1
-0.05 	-0.81 	1
-0.08 	-1.17 	1
-0.31 	-1.06 	1
-0.22 	-0.99 	1
0.03 	-1.04 	1
0.05 	-0.78 	1
0.00 	-1.10 	1
-0.13 	-0.99 	1
-0.21 	-1.01 	1
-0.11 	-0.85 	1
-0.02 	-1.10 	1
0.00 	-1.13 	1
-0.02 	-1.00 	1
0.20 	-0.99 	1
-0.18 	-0.92 	1
0.17 	-1.03 	1
-0.08 	-0.98 	1
-0.12 	-1.04 	1
-0.02 	-1.02 	1
0.02 	-1.15 	1
0.03 	-0.98 	1
-0.08 	-0.91 	1
0.17 	-1.01 	1
0.15 	-1.09 	1
0.02 	-0.99 	1
0.16 	-1.21 	1
0.29 	-0.95 	1
0.18 	-0.91 	1
0.09 	-1.18 	1
0.12 	-1.02 	1
0.13 	-0.92 	1
0.15 	-0.76 	1
0.24 	-0.88 	1
0.19 	-0.90 	1
0.28 	-0.93 	1
0.28 	-1.06 	1
0.32 	-0.97 	1
0.22 	-0.94 	1
0.48 	-1.08 	1
0.38 	-0.82 	1
0.26 	-0.77 	1
0.30 	-1.06 	1
0.41 	-0.89 	1
0.19 	-0.90 	1
0.26 	-0.96 	1
0.42 	-0.72 	1
0.26 	-0.84 	1
0.36 	-0.94 	1
0.24 	-0.97 	1
0.33 	-0.99 	1
0.20 	-0.97 	1
0.22 	-0.95 	1
0.33 	-0.71 	1
0.34 	-1.06 	1
0.43 	-0.91 	1
0.60 	-0.77 	1
0.36 	-1.06 	1
0.24 	-0.87 	1
0.50 	-0.89 	1
0.47 	-1.06 	1
0.45 	-0.98 	1
0.52 	-0.86 	1
0.53 	-0.95 	1
0.46 	-0.82 	1
0.41 	-0.66 	1
0.44 	-0.74 	1
0.60 	-0.85 	1
0.76 	-0.95 	1
0.49 	-0.69 	1
0.61 	-0.96 	1
0.46 	-0.76 	1
0.64 	-0.82 	1
0.39 	-0.75 	1
0.49 	-0.87 	1
0.51 	-0.73 	1
0.46 	-0.76 	1
0.61 	-0.90 	1
0.76 	-0.92 	1
0.56 	-0.65 	1
0.57 	-0.84 	1
0.71 	-0.91 	1
0.72 	-0.77 	1
0.60 	-0.68 	1
0.73 	-0.65 	1
0.67 	-0.76 	1
0.76 	-0.59 	1
0.68 	-0.68 	1
0.62 	-0.62 	1
0.60 	-0.57 	1
0.67 	-0.70 	1
0.73 	-0.61 	1
0.65 	-0.65 	1
0.89 	-0.58 	1
0.93 	-0.56 	1
0.73 	-0.61 	1
0.80 	-0.69 	1
0.86 	-0.74 	1
0.71 	-0.74 	1
0.71 	-0.75 	1
0.72 	-0.61 	1
0.78 	-0.61 	1
0.91 	-0.77 	1
0.80 	-0.58 	1
0.71 	-0.45 	1
0.69 	-0.56 	1
0.93 	-0.46 	1
0.71 	-0.62 	1
0.89 	-0.44 	1
0.73 	-0.77 	1
0.86 	-0.72 	1
0.73 	-0.51 	1
0.76 	-0.51 	1
0.87 	-0.35 	1
0.91 	-0.58 	1
0.73 	-0.41 	1
1.01 	-0.62 	1
0.72 	-0.37 	1
0.87 	-0.40 	1
0.85 	-0.47 	1
1.01 	-0.43 	1
1.04 	-0.37 	1
0.91 	-0.48 	1
0.98 	-0.45 	1
0.84 	-0.50 	1
0.84 	-0.21 	1
1.11 	-0.36 	1
0.90 	-0.48 	1
0.90 	-0.41 	1
0.92 	-0.28 	1
0.89 	-0.44 	1
0.97 	-0.51 	1
1.06 	-0.33 	1
0.97 	-0.43 	1
0.75 	-0.36 	1
1.12 	-0.46 	1
1.04 	-0.38 	1
0.85 	-0.23 	1
1.13 	-0.31 	1
0.90 	-0.20 	1
0.90 	-0.33 	1
0.93 	-0.16 	1
1.05 	-0.23 	1
0.93 	-0.21 	1
1.01 	-0.09 	1
1.01 	-0.22 	1
1.03 	-0.06 	1
0.92 	-0.12 	1
0.96 	-0.09 	1
0.96 	-0.19 	1
0.97 	-0.29 	1
1.11 	0.01 	1
0.98 	-0.24 	1
0.84 	-0.23 	1
1.06 	0.00 	1
0.98 	-0.02 	1
1.03 	-0.02 	1
0.95 	-0.12 	1
1.18 	-0.14 	1
0.76 	-0.05 	1
1.03 	0.04 	1
0.93 	-0.01 	1
1.07 	-0.30 	1
1.08 	-0.11 	1
1.11 	0.21 	1