-6.990 	-12.676 	1 
2.295 	-13.180 	2 
-4.212 	-11.235 	1 
-4.489 	-11.622 	1 
-4.262 	-5.972 	3 
-5.987 	-13.038 	1 
-1.656 	-8.482 	4 
-6.705 	-13.013 	1 
-4.764 	-9.444 	3 
-5.258 	-11.824 	1 
-5.762 	-6.701 	3 
-2.042 	-9.446 	4 
-6.121 	-14.261 	1 
-6.609 	-6.137 	3 
-3.777 	-4.941 	3 
-4.573 	-5.978 	3 
1.624 	-12.364 	2 
-2.230 	-9.268 	4 
-2.953 	-8.280 	4 
-4.627 	-13.324 	1 
-3.523 	-6.175 	3 
-2.684 	-7.814 	4 
1.552 	-13.235 	2 
-3.870 	-4.335 	3 
-3.322 	-9.969 	4 
-0.031 	-13.056 	2 
1.884 	-10.656 	5 
-4.814 	-5.541 	3 
-5.112 	-9.315 	3 
-4.938 	-9.081 	3 
-3.220 	-5.775 	3 
-3.987 	-6.046 	3 
-2.681 	-8.219 	4 
-6.765 	-6.993 	3 
-5.803 	-12.997 	1 
-3.307 	-5.647 	3 
-2.897 	-9.073 	4 
0.329 	-12.599 	2 
-6.103 	-5.761 	3 
-6.887 	-6.749 	3 
-2.611 	-9.679 	4 
-6.060 	-13.482 	1 
-5.281 	-14.423 	1 
-1.948 	-9.443 	4 
-1.875 	-9.787 	4 
-3.570 	-6.433 	3 
-7.048 	-12.813 	1 
0.941 	-10.565 	5 
-3.370 	-6.711 	3 
-0.006 	-14.525 	2 
-3.671 	-4.787 	3 
-0.062 	-14.129 	2 
-5.248 	-9.738 	3 
-5.130 	-11.504 	1 
0.823 	-10.484 	5 
-5.485 	-9.721 	3 
-3.850 	-4.588 	3 
2.247 	-10.551 	5 
-2.880 	-9.257 	4 
-5.646 	-6.746 	3 
2.158 	-13.256 	2 
-3.880 	-7.997 	4 
-5.339 	-7.171 	3 
0.253 	-13.544 	2 
-4.078 	-12.593 	1 
1.809 	-10.608 	5 
-5.819 	-7.887 	3 
-4.329 	-12.097 	1 
-3.211 	-9.222 	4 
-5.325 	-8.911 	3 
-2.324 	-9.608 	4 
-6.222 	-6.873 	3 
-6.478 	-6.824 	3 
0.203 	-13.702 	2 
-4.846 	-9.834 	3 
2.197 	-12.866 	2 
-5.195 	-6.525 	3 
-1.351 	-7.973 	4 
-5.184 	-14.017 	1 
1.554 	-10.313 	5 
-3.548 	-6.179 	3 
-4.276 	-13.176 	1 
-4.464 	-5.416 	3 
-3.505 	-5.323 	3 
-6.889 	-13.016 	1 
-6.035 	-14.082 	1 
-3.547 	-6.778 	3 
-4.500 	-4.536 	3 
-2.060 	-9.963 	4 
-4.908 	-9.731 	3 
-5.135 	-12.714 	1 
-5.423 	-11.191 	1 
-5.647 	-8.078 	3 
-6.908 	-6.784 	3 
-4.167 	-5.331 	3 
-5.040 	-11.863 	1 
1.639 	-10.455 	5 
-4.012 	-4.559 	3 
-5.319 	-14.703 	1 
-5.537 	-7.917 	3 
-3.424 	-6.159 	3 
-2.397 	-9.910 	4 
-4.794 	-7.776 	3 
-2.245 	-9.847 	4 
0.243 	-14.543 	2 
-1.999 	-9.648 	4 
1.955 	-14.163 	2 
2.200 	-10.538 	5 
2.050 	-12.784 	2 
1.112 	-13.748 	2 
-6.163 	-11.820 	1 
-4.844 	-6.772 	3 
1.157 	-12.635 	2 
-5.618 	-14.503 	1 
-4.492 	-6.478 	3 
-2.962 	-10.172 	4 
-3.260 	-8.480 	4 
-2.729 	-9.570 	4 
-3.900 	-4.948 	3 
-4.000 	-6.754 	3 
2.091 	-13.571 	2 
-3.133 	-8.828 	4 
0.129 	-14.769 	2 
-2.920 	-5.059 	3 
-5.652 	-13.601 	1 
-6.862 	-13.708 	1 
-6.067 	-14.025 	1 
-4.808 	-4.948 	3 
-2.361 	-9.922 	4 
-4.739 	-9.602 	2 
1.993 	-10.543 	5 
-5.213 	-9.624 	3 
1.021 	-10.544 	5 
-4.506 	-8.687 	3 
-3.030 	-5.627 	3 
-3.363 	-9.845 	4 
0.352 	-13.029 	2 
-3.759 	-7.004 	3 
-1.978 	-7.938 	4 
1.423 	-10.009 	5 
-4.286 	-6.365 	3 
-4.873 	-12.262 	1 
-4.679 	-6.226 	3 
-2.474 	-7.632 	4 
1.178 	-12.447 	2 
1.222 	-10.987 	5 
-7.026 	-13.409 	1 
-3.976 	-6.412 	3 
0.060 	-14.048 	2 
0.217 	-13.457 	2 
2.439 	-13.432 	2 
1.870 	-14.411 	2 
-4.153 	-4.996 	3 
-3.139 	-5.626 	3 
2.008 	-13.086 	2 
-5.248 	-7.295 	3 
-4.628 	-6.260 	3 
-4.860 	-13.445 	1 
-6.574 	-14.013 	1 
0.301 	-12.612 	2 
-7.151 	-12.785 	1 
0.318 	-12.873 	2 
-2.721 	-9.508 	4 
-6.205 	-6.590 	3 
-5.427 	-12.347 	1 
1.073 	-12.650 	2 
1.505 	-11.369 	5 
-1.394 	-9.412 	4 
1.734 	-14.201 	2 
-4.767 	-5.999 	3 
-2.124 	-8.319 	4 
0.544 	-12.448 	2 
-2.801 	-5.216 	3 
-0.292 	-14.524 	2 
-4.976 	-6.724 	3 
-6.611 	-6.306 	3 
-5.701 	-6.093 	3 
-6.158 	-13.655 	1 
-5.337 	-6.121 	3 
-2.433 	-9.140 	4 
1.061 	-10.380 	5 
-2.031 	-8.071 	4 
-4.969 	-6.903 	3 
-6.482 	-12.957 	1 
-4.136 	-11.737 	1 
-6.366 	-14.810 	1 
0.015 	-14.463 	2 
1.490 	-12.671 	2 
-4.603 	-7.603 	3 
0.537 	-12.739 	2 
0.588 	-14.340 	2 
-2.615 	-8.139 	4 
1.507 	-14.470 	2 
-4.157 	-12.683 	1 
0.093 	-14.105 	2 
-5.708 	-7.242 	3 
-6.915 	-6.692 	3 
-3.625 	-5.241 	3 
2.894 	-12.951 	2 
1.259 	-12.221 	2 
-5.454 	-7.672 	3 
-2.968 	-10.278 	4 
-3.039 	-9.664 	4 
-2.342 	-8.343 	4 
-3.043 	-8.480 	4 
-3.858 	-12.419 	1 
-5.631 	-9.238 	3 
-4.607 	-11.914 	1 
-4.871 	-8.055 	3 
1.314 	-12.658 	2 
2.137 	-13.398 	2 
-4.586 	-8.658 	3 
-4.498 	-11.882 	1 
-3.496 	-5.095 	3 
-6.584 	-12.802 	1 
-5.184 	-7.667 	3 
-3.293 	-6.243 	3 
-4.398 	-7.036 	3 
1.040 	-12.473 	2 
-5.309 	-6.113 	3 
-3.159 	-9.740 	4 
1.485 	-12.327 	2 
-3.063 	-9.974 	4 
-2.768 	-9.892 	4 
2.071 	-13.097 	2 
-5.599 	-7.428 	3 
-2.732 	-9.723 	4 
-4.984 	-12.373 	1 
-5.664 	-7.578 	3 
1.666 	-13.184 	2 
0.648 	-14.179 	2 
-3.847 	-12.397 	1 
1.320 	-11.267 	5 
-6.714 	-6.076 	3 
-2.676 	-10.090 	4 
-6.675 	-13.022 	1 
-1.935 	-7.818 	4 
2.061 	-10.584 	5 
-5.338 	-8.504 	3 
-1.901 	-9.394 	4 
-2.750 	-8.884 	4 
1.818 	-13.967 	2 
-5.752 	-13.058 	1 
-5.557 	-14.838 	1 
0.141 	-12.818 	2 
0.376 	-14.595 	2 
-3.462 	-9.617 	4 
-5.542 	-7.914 	3 
-5.220 	-9.249 	3 
1.886 	-11.219 	5 
-4.792 	-9.887 	3 
-5.464 	-11.276 	1 
2.597 	-11.262 	5 
-5.708 	-6.843 	3 
-4.284 	-13.116 	1 
-3.321 	-10.185 	4 
-7.195 	-12.796 	1 
-5.036 	-12.498 	1 
-5.407 	-14.503 	1 
-4.666 	-6.672 	3 
2.156 	-10.626 	5 
1.742 	-10.281 	5 
1.904 	-13.327 	2 
1.905 	-11.225 	5 
2.058 	-10.375 	5 
-4.146 	-11.955 	1 
0.974 	-14.580 	2 
-5.038 	-10.128 	3 
-5.233 	-7.601 	3 
-2.653 	-8.265 	4 
-1.601 	-9.400 	4 
-3.350 	-5.451 	3 
1.003 	-10.445 	5 
-7.059 	-12.605 	1 
-1.268 	-9.078 	4 
-5.874 	-13.933 	1 
-4.528 	-7.197 	3 
-3.467 	-5.848 	3 
-3.159 	-8.775 	4 
-4.009 	-4.749 	3 
-5.022 	-9.519 	3 
-5.336 	-9.454 	3 
-6.634 	-6.058 	3 
-0.026 	-13.614 	2 
1.394 	-14.110 	2 
-5.115 	-5.878 	3 
-5.314 	-6.390 	3 
-5.175 	-7.545 	3 
-3.258 	-8.968 	4 
-2.046 	-9.594 	4 
-3.050 	-8.246 	4 
-2.053 	-9.981 	4 
-6.726 	-7.054 	3 
-4.208 	-8.388 	3 
-3.922 	-4.965 	3 
-2.673 	-9.013 	4 
-4.857 	-5.469 	3 
-5.326 	-5.696 	3 
2.564 	-13.179 	2 
-5.561 	-14.322 	1 
-6.244 	-6.794 	3 
-5.231 	-6.122 	3 
1.372 	-10.139 	5 
2.249 	-12.444 	2 
-6.195 	-12.130 	1 
-4.581 	-5.849 	3 
-3.427 	-5.996 	3 
-4.919 	-8.376 	3 
0.812 	-10.551 	5 
-6.126 	-7.460 	3 
-5.330 	-14.596 	1 
-5.433 	-6.514 	3 
1.811 	-11.461 	5 
0.031 	-14.601 	2 
3.126 	-12.903 	2 
-5.329 	-11.359 	1 
-1.992 	-9.405 	4 
-6.417 	-6.210 	3 
-1.246 	-9.213 	4 
-1.717 	-9.360 	4 
0.951 	-12.674 	2 
2.352 	-10.585 	5 
-1.902 	-8.890 	4 
-4.494 	-5.113 	3 
-4.545 	-4.793 	3 
-4.823 	-10.103 	3 
-4.782 	-8.407 	3 
-1.755 	-9.683 	4 
-4.125 	-7.241 	3 
-3.876 	-5.659 	3 
-4.870 	-11.400 	1 
-5.057 	-10.029 	3 
-2.840 	-9.953 	4 
-4.466 	-8.027 	3 
1.424 	-13.361 	2 
-5.312 	-13.727 	1 
-1.874 	-8.990 	4 
-3.062 	-6.459 	3 
-5.433 	-12.684 	1 
1.121 	-10.278 	5 
-6.319 	-7.419 	3 
-6.053 	-6.912 	3 
-3.129 	-6.842 	3 
2.559 	-12.888 	2 
1.805 	-14.456 	2 
1.878 	-12.488 	2 
-3.521 	-6.855 	3 
-4.092 	-7.218 	3 
-6.355 	-12.555 	1 
0.264 	-13.663 	2 
-4.419 	-5.348 	3 
-3.240 	-8.286 	4 
-3.169 	-6.264 	3 
1.241 	-10.421 	5 
2.393 	-11.316 	5 
1.633 	-14.099 	2 
-4.466 	-5.296 	3 
-3.021 	-10.103 	4 
-3.104 	-6.045 	3 
-3.464 	-6.662 	3 
-4.390 	-7.954 	3 
1.429 	-10.800 	5 
0.963 	-12.721 	2 
2.105 	-11.083 	5 
-1.822 	-8.786 	4 
-6.137 	-13.186 	1 
-2.480 	-8.787 	4 
-5.000 	-8.624 	3 
-4.820 	-6.610 	3 
-2.969 	-10.159 	4 
-5.103 	-9.082 	3 
1.156 	-10.579 	5 
-5.876 	-12.637 	1 
1.837 	-14.239 	2 
-5.188 	-10.902 	1 
-6.852 	-6.852 	3 
-2.446 	-8.378 	4 
-3.854 	-12.250 	1 
-4.851 	-7.929 	3 
1.152 	-10.360 	5 
-2.297 	-8.931 	4 
-1.315 	-9.185 	4 
1.204 	-10.237 	5 
1.389 	-11.033 	5 
-6.304 	-12.659 	1 
-3.110 	-5.555 	3 
-6.673 	-6.492 	3 
2.211 	-10.282 	5 
-3.499 	-9.055 	4 
-5.862 	-9.214 	3 
-6.671 	-13.646 	1 
-5.503 	-9.646 	3 
-2.856 	-5.190 	3 
-3.773 	-6.541 	3 
-0.007 	-13.343 	2 
1.657 	-13.004 	2 
-3.651 	-10.019 	4 
0.790 	-13.135 	2 
-4.838 	-9.167 	3 
-2.970 	-8.069 	4 
1.069 	-9.832 	5 
-4.200 	-12.775 	1 
-3.012 	-6.727 	3 
1.109 	-13.872 	2 
-5.168 	-14.035 	1 
-6.272 	-6.093 	3 
-5.624 	-9.694 	3 
-4.908 	-5.488 	3 
0.232 	-13.676 	2 
-3.749 	-4.947 	3 
-5.354 	-9.863 	3 
-6.104 	-14.198 	1 
-4.179 	-6.973 	3 
-5.446 	-12.406 	1 
1.611 	-10.556 	5 
-3.425 	-6.810 	3 
-0.062 	-14.504 	2 
-2.838 	-5.940 	3 
-5.020 	-10.286 	3 
0.916 	-12.787 	2 
-3.813 	-5.845 	3 
-4.441 	-7.366 	3 
-4.535 	-5.602 	3 
-3.581 	-9.296 	4 
0.194 	-13.018 	2 
-5.624 	-14.444 	1 
-3.442 	-7.183 	3 
-5.957 	-14.046 	1 
-1.390 	-8.874 	4 
-6.275 	-6.882 	3 
-3.303 	-10.145 	4 
1.574 	-10.466 	5 
-3.255 	-5.894 	3 
-4.812 	-12.726 	1 
1.618 	-12.657 	2 
-2.519 	-8.593 	4 
-2.949 	-6.152 	3 
-4.210 	-8.248 	3 
-1.838 	-7.738 	4 
-4.384 	-8.034 	3 
1.232 	-12.738 	2 
-5.364 	-8.842 	3 
-5.092 	-9.568 	3 
-4.792 	-12.614 	1 
0.821 	-10.941 	5 
-5.611 	-6.307 	3 
-1.238 	-8.400 	4 
1.436 	-12.770 	2 
-6.823 	-12.209 	1 
-4.363 	-8.664 	3 
-5.334 	-12.523 	1 
-4.793 	-5.466 	3 
-4.820 	-5.465 	3 
-4.792 	-9.428 	3 
-3.846 	-4.735 	3 
-1.712 	-8.254 	4 
0.205 	-12.690 	2 
-6.260 	-7.365 	3 
-3.691 	-9.510 	4 
-4.709 	-6.849 	3 
-2.988 	-5.003 	3 
2.004 	-14.648 	2 
1.485 	-13.400 	2 
-2.308 	-7.675 	4 
2.180 	-10.701 	5 
-5.077 	-12.036 	1 
1.061 	-10.450 	5 
-6.052 	-5.791 	3 
-3.321 	-9.515 	4 
-2.457 	-9.309 	4 
-6.022 	-5.564 	3 
-6.732 	-13.784 	1 
-2.636 	-10.013 	4 
2.505 	-11.116 	5 
0.129 	-13.809 	2 
0.865 	-14.722 	2 
-3.679 	-7.798 	3 
-5.055 	-13.462 	1 
-4.439 	-13.075 	1 
-5.301 	-8.875 	3 
-4.507 	-13.878 	1 
0.316 	-14.168 	2 
-2.989 	-8.143 	4 
-4.876 	-13.562 	1 
-4.936 	-5.063 	3 
-0.009 	-14.614 	2 
-4.238 	-12.954 	1 
1.683 	-12.164 	2 
-4.664 	-6.801 	3 
-4.308 	-8.089 	3 
1.565 	-10.934 	5 
2.288 	-13.225 	2 
-2.015 	-9.561 	4 
1.364 	-10.125 	5 
1.434 	-12.242 	2 
-5.841 	-5.513 	3 
-5.578 	-11.258 	1 
-5.588 	-9.004 	3 
-5.919 	-7.837 	3 
-5.364 	-14.578 	1 
-4.208 	-6.342 	3 
1.074 	-10.364 	5 
-4.989 	-7.683 	3 
1.207 	-11.355 	5 
-3.060 	-8.567 	4 
-3.220 	-4.706 	3 
-4.696 	-5.279 	3 
2.143 	-14.542 	2 
-0.282 	-14.586 	2 
1.829 	-13.355 	2 
2.128 	-11.674 	5 
-2.288 	-8.215 	4 
1.198 	-12.296 	2 
1.239 	-12.466 	2 
-4.026 	-5.574 	3 
-4.338 	-6.264 	3 
-1.769 	-8.785 	4 
-5.596 	-14.611 	1 
1.588 	-14.002 	2 
-5.347 	-14.332 	1 
-3.082 	-6.381 	3 
-3.085 	-9.987 	4 
-2.843 	-5.005 	3 
-1.700 	-7.782 	4 
-1.512 	-8.771 	4 
-6.081 	-12.967 	1 
-5.668 	-14.315 	1 
0.768 	-13.828 	2 
-6.000 	-6.181 	3 
-1.750 	-8.881 	4 
1.478 	-10.990 	5 
2.038 	-10.619 	5 
-3.389 	-6.505 	3 
-3.434 	-10.199 	4 
-2.994 	-8.891 	4 
-5.168 	-6.536 	3 
-5.311 	-7.896 	3 
-5.620 	-14.206 	1 
-2.986 	-7.710 	4 
2.237 	-10.393 	5 
-6.108 	-8.071 	3 
-5.027 	-9.373 	3 
2.141 	-11.527 	5 
0.566 	-14.329 	2 
-4.844 	-6.565 	3 
-5.972 	-7.896 	3 
-3.404 	-4.462 	3 
-3.463 	-10.173 	4 
-3.862 	-12.558 	1 
1.802 	-12.411 	2 
0.648 	-13.161 	2 
-3.437 	-5.339 	3 
-2.796 	-9.573 	4 
1.357 	-9.879 	5 
-3.006 	-8.099 	4 
-2.962 	-10.037 	4 
-5.524 	-6.003 	3 
-6.472 	-14.239 	1 
2.994 	-12.895 	2 
-1.617 	-9.204 	4 
-3.880 	-7.422 	3 
1.602 	-10.114 	5 
2.470 	-13.019 	2 
0.159 	-12.670 	2 
2.342 	-12.748 	2 
-6.154 	-14.820 	1 
2.721 	-13.104 	2 
-3.621 	-9.647 	4 
-3.167 	-4.688 	3 
-5.844 	-7.740 	3 
1.240 	-10.429 	5 
-6.339 	-12.952 	1 
-4.933 	-10.148 	3 
-5.723 	-7.306 	3 
-4.831 	-9.776 	3 
-2.673 	-8.951 	4 
1.050 	-12.937 	2 
2.882 	-13.314 	2 
-4.642 	-8.979 	3 
-5.303 	-12.871 	1 
1.904 	-12.292 	2 
0.972 	-14.031 	2 
-3.208 	-5.061 	3 
-3.436 	-9.704 	4 
-4.110 	-12.279 	1 
1.104 	-10.319 	5 
2.920 	-13.069 	2 
-4.889 	-14.640 	1 
1.725 	-11.453 	5 
0.239 	-12.614 	2 
1.190 	-10.448 	5 
-2.676 	-7.912 	4 
-1.689 	-7.741 	4 
-4.885 	-10.415 	3 
-4.137 	-4.444 	3 
-3.231 	-10.195 	4 
-1.855 	-8.145 	4 
2.207 	-10.477 	5 
-4.522 	-8.384 	3 
2.657 	-13.096 	2 
-4.169 	-12.534 	1 
-5.009 	-10.834 	1 
-2.573 	-8.946 	4 
-3.653 	-4.207 	3 
0.032 	-14.296 	2 
-4.886 	-8.626 	3 
-6.090 	-8.012 	3 
1.773 	-10.682 	5 
-6.037 	-6.875 	3 
-5.847 	-11.455 	1 
-5.978 	-13.755 	1 
-4.899 	-9.045 	3 
-4.415 	-5.413 	3 
1.342 	-10.447 	5 
-2.964 	-5.571 	3 
-2.382 	-7.859 	4 
-4.825 	-9.903 	3 
-5.917 	-8.632 	3 
2.505 	-11.073 	5 
-4.840 	-5.239 	3 
-6.147 	-14.482 	1 
-6.272 	-6.085 	3 
-4.960 	-10.332 	3 
-1.515 	-8.587 	4 
-5.738 	-11.549 	1 
1.628 	-14.074 	2 
-5.802 	-7.484 	3 
-3.856 	-7.123 	3 
-1.907 	-8.853 	4 
-4.973 	-9.736 	3 
-4.256 	-5.050 	3 
-5.410 	-7.342 	3 
-5.385 	-7.494 	3 
-6.596 	-5.746 	3 
1.964 	-11.253 	5 
-0.166 	-13.097 	2 
0.853 	-14.100 	2 
-5.408 	-8.946 	3 
-3.668 	-6.383 	3 
-4.994 	-10.247 	3 
-6.611 	-14.048 	1 
-5.059 	-9.604 	3 
-2.969 	-6.716 	3 
-2.870 	-10.018 	4 
0.300 	-13.906 	2 
0.890 	-13.050 	2 
-2.166 	-9.512 	4 
-3.489 	-10.214 	4 
1.681 	-13.562 	2 
-1.720 	-7.784 	4 
0.865 	-10.611 	5 
-5.679 	-7.112 	3 
1.170 	-10.634 	5 
-2.344 	-9.707 	4 
-3.413 	-4.848 	3 
-4.190 	-6.201 	3 
-6.064 	-14.207 	1 
-5.420 	-14.590 	1 
-4.520 	-11.482 	1 
1.682 	-12.708 	2 
-5.844 	-11.425 	1 
-4.144 	-12.677 	1 
1.390 	-10.106 	5 
-2.865 	-5.772 	3 
-5.386 	-7.715 	3 
1.959 	-10.701 	5 
0.818 	-14.499 	2 
-2.250 	-7.729 	4 
-4.488 	-6.645 	3 
-2.638 	-7.767 	4 
1.286 	-10.342 	5 
-5.729 	-7.479 	3 
-4.583 	-5.749 	3 
-6.295 	-7.182 	3 
-4.552 	-13.893 	1 
-0.051 	-12.840 	2 
-2.273 	-7.829 	4 
-4.435 	-6.022 	3 
-4.730 	-13.653 	1 
-2.000 	-7.651 	4 
-5.862 	-12.441 	1 
-5.817 	-6.559 	3 
2.975 	-13.268 	2 
-2.127 	-8.031 	4 
-5.610 	-13.493 	1 
-0.123 	-12.642 	2 
-5.896 	-14.702 	1 
-6.686 	-13.300 	1 
-5.579 	-9.832 	3 
-1.219 	-9.219 	4 
-5.061 	-12.779 	1 
2.477 	-12.837 	2 
1.459 	-11.209 	5 
2.275 	-10.942 	5 
-3.797 	-5.899 	3 
-5.319 	-6.420 	3 
-3.964 	-6.038 	3 
0.341 	-13.725 	2 
-2.118 	-7.912 	4 
-1.359 	-8.362 	4 
-1.635 	-8.197 	4 
-4.260 	-4.592 	3 
0.813 	-13.742 	2 
-2.432 	-10.087 	4 
-5.042 	-13.169 	1 
-5.212 	-7.444 	3 
1.641 	-12.293 	2 
-5.769 	-11.021 	1 
-4.725 	-6.541 	3 
-3.897 	-11.852 	1 
-2.956 	-5.677 	3 
-1.700 	-8.118 	4 
-5.030 	-9.735 	3 
2.624 	-11.301 	5 
-5.148 	-14.003 	1 
-6.300 	-14.789 	1 
-2.667 	-9.540 	4 
-6.143 	-14.684 	1 
-1.378 	-7.656 	4 
-3.395 	-4.952 	3 
0.732 	-12.306 	2 
1.804 	-12.944 	2 
-4.455 	-8.527 	3 
-6.883 	-7.274 	3 
-2.576 	-8.411 	4 
-4.231 	-6.838 	3 
-6.328 	-6.162 	3 
-5.340 	-6.944 	3 
-4.110 	-7.666 	3 
-1.358 	-9.825 	4 
-1.227 	-8.220 	4 
-6.493 	-14.663 	1 
2.165 	-10.157 	5 
-3.118 	-10.269 	4 
-5.238 	-9.709 	3 
-6.884 	-7.137 	3 
-1.711 	-7.681 	4 
-3.812 	-6.867 	3 
1.343 	-13.626 	2 
-4.530 	-8.558 	3 
-3.747 	-7.362 	3 
-4.985 	-14.938 	1 
-6.705 	-7.163 	3 
-4.789 	-13.084 	1 
-5.971 	-5.672 	3 
0.882 	-10.234 	5 
-5.853 	-6.862 	3 
-3.960 	-5.595 	3 
-2.906 	-7.965 	4 
0.034 	-14.549 	2 
-3.989 	-7.161 	3 
-4.994 	-9.361 	3 
-4.454 	-13.429 	1 
-3.344 	-4.730 	3 
-6.288 	-12.971 	1 
2.379 	-11.277 	5 
-4.056 	-4.597 	3 
-6.181 	-6.381 	3 
-4.878 	-7.105 	3 
0.218 	-14.518 	2 
-3.544 	-7.179 	3 
1.081 	-12.435 	2 
-5.969 	-7.275 	3 
0.392 	-12.866 	2 
-2.978 	-7.965 	4 
-3.214 	-9.889 	4 
2.161 	-10.201 	5 
2.342 	-11.157 	5 
-4.222 	-6.364 	3 
-5.173 	-7.154 	3 
-3.965 	-7.487 	3 
2.193 	-12.214 	2 
-5.568 	-7.311 	3 
0.241 	-14.741 	2 
-1.661 	-8.865 	4 
-6.258 	-7.748 	3 
1.775 	-13.276 	2 
-1.543 	-9.807 	4 
1.391 	-14.254 	2 
1.893 	-14.282 	2 
2.254 	-12.228 	2 
-3.544 	-9.199 	4 
-5.070 	-7.253 	3 
-5.745 	-11.132 	1 
-5.078 	-10.105 	3 
-3.472 	-4.891 	3 
-2.442 	-7.874 	4 
-4.314 	-4.817 	3 
-3.916 	-12.362 	1 
-1.752 	-8.685 	4 
-3.070 	-6.318 	3 
-3.897 	-4.548 	3 
-2.833 	-5.929 	3 
-3.392 	-4.724 	3 
-4.907 	-13.367 	1 
0.221 	-12.633 	2 
-4.644 	-5.153 	3 
-0.168 	-14.692 	2 
2.613 	-11.312 	5 
-5.645 	-12.423 	1 
-5.933 	-13.805 	1 