-0.59 	-0.57 	0 
-0.15 	-0.26 	0 
0.06 	-0.76 	0 
-0.62 	-0.82 	0 
-0.55 	-0.33 	0 
-0.62 	-0.07 	0 
-0.03 	0.31 	0 
-0.77 	0.00 	0 
0.04 	-0.03 	0 
-0.12 	-0.23 	0 
-0.73 	-0.52 	0 
-0.41 	0.23 	0 
-0.74 	-0.67 	0 
0.23 	-0.14 	0 
-0.42 	-0.67 	0 
0.13 	0.21 	0 
-0.75 	-0.54 	0 
-0.86 	0.02 	0 
-0.25 	0.28 	0 
-0.10 	-0.84 	0 
-0.16 	-0.63 	0 
-0.13 	-0.47 	0 
-0.77 	0.04 	0 
-0.23 	-0.50 	0 
-0.83 	0.13 	0 
-0.18 	-0.28 	0 
-0.65 	-0.21 	0 
-0.34 	-0.51 	0 
0.12 	-0.42 	0 
-0.05 	-0.91 	0 
-0.61 	-0.63 	0 
-0.96 	-0.23 	0 
0.01 	-0.53 	0 
-0.05 	-0.45 	0 
0.12 	-0.81 	0 
0.23 	-0.30 	0 
-0.10 	-0.32 	0 
-0.05 	-0.86 	0 
-0.20 	-0.61 	0 
-0.32 	-0.56 	0 
0.20 	-0.78 	0 
0.13 	-0.64 	0 
-0.43 	0.14 	0 
-0.37 	-0.15 	0 
-0.35 	0.31 	0 
-0.35 	-0.47 	0 
-0.48 	-0.59 	0 
0.29 	-0.60 	0 
-0.20 	-0.33 	0 
-0.58 	-0.75 	0 
-0.87 	-0.23 	0 
-0.44 	-0.09 	0 
0.04 	-0.89 	0 
0.30 	0.05 	0 
0.00 	-0.16 	0 
-0.27 	-0.67 	0 
-0.47 	-0.95 	0 
-0.73 	-0.32 	0 
-0.31 	0.04 	0 
-0.27 	0.18 	0 
-0.91 	-0.04 	0 
-0.01 	-0.03 	0 
-0.25 	0.02 	0 
-0.66 	0.28 	0 
-0.40 	-0.86 	0 
-0.41 	0.35 	0 
0.34 	-0.46 	0 
-0.44 	-0.86 	0 
0.32 	-0.10 	0 
-0.27 	-0.26 	0 
-0.67 	0.17 	0 
-0.17 	-0.63 	0 
-0.36 	-0.61 	0 
0.05 	-0.48 	0 
-0.98 	-0.22 	0 
-0.61 	0.25 	0 
0.03 	0.04 	0 
-0.57 	-0.53 	0 
0.05 	0.10 	0 
0.02 	-0.64 	0 
-0.61 	-0.86 	0 
-0.91 	-0.05 	0 
0.36 	-0.10 	0 
-0.04 	0.09 	0 
-0.19 	-0.89 	0 
0.28 	-0.16 	0 
0.06 	-0.72 	0 
0.02 	-0.31 	0 
0.13 	-0.20 	0 
-0.08 	-0.86 	0 
0.21 	-0.13 	0 
-0.85 	0.06 	0 
-0.08 	-0.90 	0 
0.28 	-0.09 	0 
0.08 	0.00 	0 
-0.25 	0.02 	0 
-0.89 	-0.27 	0 
-0.47 	0.05 	0 
-0.77 	-0.56 	0 
0.00 	-0.63 	0 
0.25 	-0.64 	0 
0.17 	-0.37 	0 
-0.97 	-0.31 	0 
-0.57 	0.34 	0 
-0.75 	0.08 	0 
-0.85 	-0.19 	0 
-0.39 	0.17 	0 
-0.89 	-0.03 	0 
-0.94 	-0.25 	0 
-0.77 	-0.50 	0 
-0.20 	-0.58 	0 
-0.24 	0.14 	0 
-0.35 	0.28 	0 
-0.24 	0.17 	0 
-0.75 	-0.33 	0 
-0.35 	0.35 	0 
-0.38 	0.04 	0 
-0.43 	-0.66 	0 
-0.15 	0.18 	0 
-0.17 	-0.68 	0 
0.34 	-0.44 	0 
-0.52 	-0.47 	0 
-0.03 	-0.12 	0 
-0.14 	-0.62 	0 
-0.40 	0.01 	0 
-0.93 	-0.08 	0 
0.39 	-0.21 	0 
0.04 	-0.38 	0 
-0.76 	-0.69 	0 
0.09 	0.20 	0 
-0.75 	-0.50 	0 
-0.76 	-0.55 	0 
-0.49 	-0.30 	0 
-0.04 	0.31 	0 
0.36 	-0.46 	0 
0.11 	0.15 	0 
-0.33 	-0.30 	0 
-0.21 	0.29 	0 
-0.25 	-0.78 	0 
-0.14 	-0.50 	0 
-0.66 	-0.58 	0 
-0.40 	-0.76 	0 
0.27 	-0.53 	0 
-0.30 	-0.38 	0 
-0.19 	0.07 	0 
0.26 	0.00 	0 
0.02 	-0.82 	0 
-0.69 	-0.46 	0 
-0.38 	-0.38 	0 
-0.10 	-0.56 	0 
-0.59 	0.29 	0 
-0.62 	-0.91 	0 
-0.21 	-0.55 	0 
-0.30 	-0.53 	0 
-0.87 	-0.04 	0 
-0.02 	-0.26 	0 
-0.09 	-0.52 	0 
-0.43 	-0.31 	0 
-0.42 	-0.35 	0 
-0.87 	0.02 	0 
0.20 	-0.26 	0 
-0.21 	0.00 	0 
0.14 	-0.82 	0 
0.21 	-0.15 	0 
0.04 	0.12 	0 
-0.42 	0.23 	0 
-0.40 	-0.09 	0 
-0.30 	-0.80 	0 
-0.65 	-0.84 	0 
-0.69 	0.15 	0 
-0.59 	-0.84 	0 
0.21 	-0.39 	0 
-0.40 	-0.26 	0 
0.26 	-0.22 	0 
0.18 	0.06 	0 
0.04 	-0.58 	0 
-0.58 	0.32 	0 
-0.44 	0.30 	0 
-0.74 	-0.30 	0 
-0.74 	0.21 	0 
-0.01 	-0.23 	0 
-0.52 	0.12 	0 
0.30 	-0.24 	0 
-0.52 	0.25 	0 
-0.59 	0.05 	0 
0.19 	-0.48 	0 
0.00 	-0.40 	0 
-0.87 	-0.08 	0 
-0.33 	-0.64 	0 
0.17 	-0.01 	0 
0.06 	-0.63 	0 
-0.84 	0.10 	0 
-0.72 	0.16 	0 
0.14 	0.16 	0 
-0.12 	0.34 	0 
-0.16 	0.20 	0 
0.26 	-0.34 	0 
0.06 	-0.54 	0 
-0.22 	-0.45 	0 
-0.36 	-0.50 	0 
-0.14 	0.22 	0 
0.11 	-0.57 	0 
-0.52 	-0.17 	0 
-0.77 	-0.24 	0 
-0.13 	-0.73 	0 
-0.48 	-0.36 	0 
-0.45 	0.32 	0 
0.24 	-0.41 	0 
-0.15 	-0.46 	0 
0.03 	-0.58 	0 
-0.57 	-0.62 	0 
-0.07 	0.04 	0 
-0.68 	-0.39 	0 
-0.47 	-0.70 	0 
0.05 	-0.47 	0 
-0.73 	-0.19 	0 
-0.51 	0.16 	0 
-0.64 	-0.69 	0 
0.23 	0.06 	0 
-0.36 	-0.79 	0 
-0.83 	-0.67 	0 
-0.03 	-0.05 	0 
-0.63 	0.28 	0 
-0.77 	-0.08 	0 
0.08 	-0.87 	0 
-0.31 	0.12 	0 
-0.72 	0.21 	0 
0.27 	-0.08 	0 
-0.33 	-0.95 	0 
-0.19 	0.17 	0 
-0.14 	-0.04 	0 
0.25 	-0.04 	0 
0.23 	-0.63 	0 
-0.20 	-0.59 	0 
-0.21 	-0.06 	0 
-0.36 	0.14 	0 
-0.45 	-0.37 	0 
0.21 	-0.32 	0 
-0.76 	-0.68 	0 
-0.76 	-0.06 	0 
-0.40 	-0.98 	0 
0.32 	-0.28 	0 
-0.51 	0.29 	0 
-0.18 	-0.50 	0 
-0.10 	-0.21 	0 
0.10 	-0.30 	0 
0.20 	-0.60 	0 
-0.67 	-0.66 	0 
-0.28 	-0.33 	0 
-0.85 	-0.17 	0 
0.34 	-0.51 	0 
-0.08 	-0.61 	0 
-0.10 	0.17 	0 
0.15 	-0.75 	0 
-0.45 	-0.04 	0 
0.26 	-0.29 	0 
-0.88 	-0.12 	0 
-0.02 	0.33 	0 
-0.78 	-0.49 	0 
0.09 	0.03 	0 
-0.60 	-0.69 	0 
-0.04 	-0.89 	0 
-0.65 	-0.77 	0 
-0.90 	-0.37 	0 
0.12 	-0.66 	0 
-0.43 	0.37 	0 
0.06 	-0.84 	0 
-0.12 	0.05 	0 
0.19 	-0.24 	0 
-0.30 	-0.63 	0 
-0.54 	-0.47 	0 
0.21 	-0.74 	0 
-0.21 	-0.85 	0 
-0.17 	-0.97 	0 
-0.12 	-0.62 	0 
-0.72 	0.16 	0 
-0.25 	-0.13 	0 
-0.48 	-0.15 	0 
-0.18 	0.23 	0 
-0.68 	0.24 	0 
-0.45 	0.03 	0 
-0.74 	-0.44 	0 
-0.22 	0.22 	0 
-0.18 	0.20 	0 
-0.45 	-0.88 	0 
-0.42 	0.38 	0 
-0.37 	-0.10 	0 
-0.16 	-0.87 	0 
-0.82 	-0.66 	0 
-0.98 	-0.40 	0 
-0.28 	0.01 	0 
0.07 	-0.31 	0 
-0.37 	-0.13 	0 
-0.55 	0.09 	0 
0.10 	-0.67 	0 
-0.84 	-0.34 	0 
-0.67 	-0.31 	0 
0.08 	-0.82 	0 
-0.73 	-0.63 	0 
-0.35 	-0.58 	0 
-0.83 	-0.14 	0 
0.16 	-0.61 	0 
0.11 	-0.68 	0 
-0.16 	-0.03 	0 
-0.71 	-0.37 	0 
-0.28 	-0.87 	0 
-0.41 	0.12 	0 
-0.31 	-0.39 	0 
-0.49 	0.15 	0 
-0.76 	0.22 	0 
-0.06 	0.25 	0 
-0.22 	-0.52 	0 
-0.36 	-0.53 	0 
0.01 	-0.18 	0 
-0.38 	-0.94 	0 
-0.10 	-0.59 	0 
-0.41 	-0.01 	0 
-0.40 	-0.67 	0 
-0.83 	-0.73 	0 
-0.12 	-0.87 	0 
-0.10 	-0.37 	0 
0.13 	0.06 	0 
-0.79 	-0.53 	0 
-0.42 	-0.32 	0 
0.11 	-0.16 	0 
0.10 	0.15 	0 
-0.03 	0.25 	0 
-0.70 	-0.83 	0 
-0.42 	-0.11 	0 
-0.76 	-0.51 	0 
0.16 	-0.10 	0 
0.09 	-0.55 	0 
-0.34 	0.09 	0 
-0.66 	-0.57 	0 
0.36 	-0.36 	0 
0.13 	-0.45 	0 
-0.02 	0.04 	0 
-0.41 	0.01 	0 
-0.34 	0.00 	0 
0.25 	-0.02 	0 
-0.26 	-0.68 	0 
0.03 	0.12 	0 
0.22 	-0.24 	0 
-0.16 	-0.96 	0 
0.25 	-0.03 	0 
-0.41 	-0.32 	0 
0.28 	-0.03 	0 
-0.20 	0.20 	0 
-0.44 	-0.07 	0 
-0.70 	-0.70 	0 
-0.62 	-0.88 	0 
-0.48 	-0.53 	0 
0.20 	-0.38 	0 
-0.17 	-0.25 	0 
-0.53 	0.18 	0 
0.18 	0.09 	0 
-0.38 	0.02 	0 
-0.23 	-0.14 	0 
-0.09 	-0.49 	0 
-0.64 	-0.44 	0 
-0.31 	-0.97 	0 
-0.73 	-0.07 	0 
-0.77 	-0.40 	0 
-0.04 	-0.83 	0 
-0.74 	-0.05 	0 
-0.07 	-0.73 	0 
-0.66 	0.14 	0 
-0.17 	0.03 	0 
-0.47 	-0.64 	0 
-0.37 	-0.99 	0 
-0.27 	0.22 	0 
-0.38 	0.33 	0 
-0.93 	-0.50 	0 
-0.15 	-0.07 	0 
-0.62 	-0.15 	0 
0.20 	-0.41 	0 
-0.89 	0.03 	0 
-0.25 	-0.26 	0 
-0.18 	-0.48 	0 
-0.93 	-0.35 	0 
-0.43 	-0.01 	0 
-0.38 	-0.42 	0 
-0.10 	-0.53 	0 
-0.47 	0.05 	0 
-0.03 	-0.94 	0 
0.07 	0.23 	0 
-0.73 	-0.13 	0 
-0.10 	0.24 	0 
-0.45 	-0.72 	0 
0.06 	-0.18 	0 
-0.67 	-0.30 	0 
-0.12 	-0.59 	0 
0.09 	-0.79 	0 
-0.56 	-0.45 	0 
-0.08 	0.09 	0 
-0.48 	-0.50 	0 
-0.63 	-0.15 	0 
-0.16 	-0.82 	0 
0.06 	-0.35 	0 
0.02 	-0.38 	0 
-0.52 	0.08 	0 
-0.57 	-0.18 	0 
-0.29 	-0.72 	0 
-0.71 	-0.05 	0 
-0.63 	-0.51 	0 
-0.49 	-0.91 	0 
0.28 	-0.57 	0 
-0.70 	-0.06 	0 
-0.03 	-0.59 	0 
-0.96 	-0.21 	0 
-0.06 	-0.56 	0 
-0.36 	0.18 	0 
0.23 	-0.40 	0 
-0.32 	-0.87 	0 
-0.12 	-0.82 	0 
-0.28 	0.16 	0 
-0.64 	-0.02 	0 
0.34 	-0.52 	0 
0.32 	-0.01 	0 
-0.39 	-0.45 	0 
-0.21 	0.22 	0 
-0.24 	-0.76 	0 
-0.55 	0.05 	0 
0.17 	-0.25 	0 
-0.34 	-0.55 	0 
0.08 	-0.20 	0 
-0.75 	-0.68 	0 
0.30 	-0.26 	0 
-0.01 	-0.83 	0 
0.09 	-0.04 	0 
-0.53 	-0.62 	0 
-0.45 	-0.62 	0 
0.14 	-0.11 	0 
0.08 	-0.32 	0 
-0.76 	-0.55 	0 
0.17 	0.21 	0 
-0.41 	-0.44 	0 
-0.36 	-0.74 	0 
-0.24 	-0.03 	0 
-0.01 	-0.59 	0 
-0.75 	0.14 	0 
0.22 	-0.70 	0 
-0.56 	0.18 	0 
-0.69 	0.09 	0 
-0.96 	-0.25 	0 
0.24 	-0.51 	0 
0.34 	-0.43 	0 
0.11 	-0.31 	0 
0.00 	-0.16 	0 
-0.22 	0.05 	0 
0.10 	-0.85 	0 
0.13 	-0.33 	0 
-0.53 	-0.41 	0 
-0.63 	-0.11 	0 
-0.84 	0.12 	0 
-0.06 	-0.74 	0 
0.12 	-0.58 	0 
-0.47 	-0.91 	0 
0.25 	-0.18 	0 
-0.97 	-0.49 	0 
0.14 	-0.58 	0 
-0.75 	-0.62 	0 
-0.64 	-0.44 	0 
-0.53 	-0.63 	0 
-0.07 	-0.29 	0 
0.03 	0.04 	0 
-0.34 	-0.78 	0 
-0.01 	-0.11 	0 
0.16 	0.11 	0 
-0.49 	-0.17 	0 
-0.86 	-0.44 	0 
-0.75 	-0.16 	0 
-0.08 	-0.89 	0 
-0.28 	-0.83 	0 
-0.27 	-0.83 	0 
0.07 	-0.49 	0 
-0.56 	-0.60 	0 
-0.07 	-0.68 	0 
-0.73 	-0.33 	0 
-0.17 	0.02 	0 
-0.49 	0.16 	0 
-0.73 	0.00 	0 
0.21 	-0.55 	0 
-0.13 	-0.59 	0 
0.15 	-0.32 	0 
0.22 	-0.39 	0 
-0.02 	-0.89 	0 
-0.55 	-0.43 	0 
-0.43 	-0.26 	0 
-0.68 	-0.37 	0 
0.09 	0.16 	0 
0.25 	-0.71 	0 
-0.70 	0.11 	0 
-0.37 	-0.01 	0 
-0.68 	-0.03 	0 
-0.66 	-0.50 	0 
0.27 	-0.13 	0 
-0.20 	-0.81 	0 
-0.59 	0.21 	0 
-0.59 	-0.17 	0 
-0.79 	-0.15 	0 
0.25 	-0.11 	0 
-0.25 	-0.15 	0 
-0.46 	-0.28 	0 
0.03 	-0.68 	0 
-0.75 	-0.32 	0 
-0.12 	-0.92 	0 
-0.62 	-0.21 	0 
-0.46 	0.00 	0 
0.13 	-0.16 	0 
-0.14 	-0.75 	0 
-0.69 	-0.84 	0 
-0.72 	-0.57 	0 
-0.20 	-0.01 	0 
0.04 	-0.82 	0 
-0.54 	0.11 	0 
0.18 	-0.15 	0 
-0.28 	0.02 	0 
-0.45 	-0.96 	0 
-0.55 	0.23 	0 
-0.39 	-0.44 	0 
-0.88 	-0.10 	0 
-0.50 	-0.40 	0 
0.20 	-0.18 	0 
-0.30 	-0.70 	0 
-0.87 	-0.33 	0 
0.13 	-0.82 	0 
0.02 	-0.08 	0 
-0.64 	-0.54 	0 
-0.42 	-0.52 	0 
-0.63 	-0.15 	0 
-0.86 	-0.01 	0 
0.04 	-0.82 	0 
-0.50 	-0.95 	0 
0.23 	-0.12 	0 
-0.02 	-0.37 	0 
0.04 	-0.73 	0 
-0.33 	-0.12 	0 
-0.11 	-0.80 	0 
0.02 	0.26 	0 
-0.61 	0.01 	0 
-0.87 	-0.08 	0 
-0.41 	0.07 	0 
-0.23 	0.35 	0 
-0.12 	0.04 	0 
-0.27 	0.11 	0 
-0.63 	-0.40 	0 
0.08 	-0.25 	0 
0.33 	-0.41 	0 
-0.21 	-0.06 	0 
-0.51 	-0.25 	0 
-0.52 	-0.06 	0 
0.07 	-0.18 	0 
-0.47 	-0.74 	0 
-0.35 	-0.31 	0 
-0.57 	0.33 	0 
-0.86 	-0.07 	0 
0.26 	-0.36 	0 
-0.87 	-0.57 	0 
-0.36 	0.28 	0 
-0.41 	-0.67 	0 
-0.14 	-0.17 	0 
-0.13 	-0.93 	0 
-0.56 	0.11 	0 
-0.12 	-0.90 	0 
-0.85 	-0.21 	0 
-0.84 	0.13 	0 
-0.38 	-0.80 	0 
-0.23 	0.39 	0 
-0.98 	-0.41 	0 
-0.53 	0.17 	0 
-0.44 	-0.55 	0 
-0.14 	-0.30 	0 
-0.10 	-0.82 	0 
-0.30 	-0.05 	0 
0.15 	-0.01 	0 
-0.67 	-0.52 	0 
-0.66 	0.19 	0 
-0.75 	-0.22 	0 
-0.46 	0.18 	0 
0.15 	0.19 	0 
-0.55 	-0.69 	0 
0.04 	-0.09 	0 
0.33 	-0.33 	0 
-0.46 	-0.15 	0 
0.11 	-0.08 	0 
-0.73 	-0.05 	0 
-0.77 	-0.27 	0 
-0.55 	0.25 	0 
-0.59 	-0.36 	0 
-0.54 	-0.83 	0 
-0.15 	-0.68 	0 
-0.51 	0.07 	0 
-0.38 	-0.73 	0 
-0.63 	0.30 	0 
0.14 	0.21 	0 
-0.72 	-0.10 	0 
0.36 	-0.46 	0 
-0.53 	-0.23 	0 
-0.71 	-0.72 	0 
-0.42 	-0.96 	0 
-0.82 	-0.31 	0 
-0.89 	-0.31 	0 
-0.38 	-0.99 	0 
0.12 	0.11 	0 
0.15 	-0.59 	0 
-0.56 	-0.42 	0 
-0.85 	-0.58 	0 
-0.32 	-0.13 	0 
-0.05 	-0.82 	0 
-0.58 	-0.31 	0 
-0.39 	-0.22 	0 
-0.81 	-0.55 	0 
0.19 	0.13 	0 
-0.68 	-0.10 	0 
-0.03 	0.22 	0 
-0.32 	0.33 	0 
-0.73 	-0.68 	0 
-0.34 	-0.91 	0 
-0.60 	-0.44 	0 
-0.37 	0.27 	0 
-0.61 	-0.28 	0 
0.34 	-0.19 	0 
0.05 	-0.66 	0 
-0.24 	-0.70 	0 
0.24 	-0.55 	0 
-0.84 	-0.51 	0 
0.23 	-0.15 	0 
-0.38 	0.11 	0 
-0.83 	0.00 	0 
-0.11 	-0.97 	0 
-0.25 	-0.80 	0 
-0.24 	-0.21 	0 
-0.60 	0.15 	0 
-0.95 	-0.24 	0 
-0.87 	-0.09 	0 
0.22 	-0.20 	0 
0.17 	-0.56 	0 
-0.44 	0.18 	0 
0.02 	0.30 	0 
0.22 	-0.64 	0 
0.28 	-0.66 	0 
-0.74 	-0.69 	0 
-0.01 	-0.07 	0 
-0.17 	-0.79 	0 
-0.59 	-0.43 	0 
-0.36 	-0.28 	0 
-0.54 	-0.06 	0 
-0.38 	0.08 	0 
-0.23 	0.13 	0 
-0.33 	0.33 	0 
-0.51 	0.30 	0 
0.27 	-0.24 	0 
-0.49 	-0.41 	0 
-0.12 	-0.58 	0 
-0.50 	-0.11 	0 
0.11 	-0.25 	0 
-0.70 	-0.87 	0 
-0.64 	0.26 	0 
-0.68 	-0.82 	0 
-0.10 	-0.93 	0 
-0.86 	0.07 	0 
-0.47 	-0.33 	0 
0.08 	0.28 	0 
-0.76 	-0.58 	0 
-0.79 	-0.53 	0 
-0.17 	-0.49 	0 
0.07 	-0.13 	0 
-0.33 	-0.91 	0 
-0.41 	-0.74 	0 
-0.48 	-0.27 	0 
0.02 	0.31 	0 
-0.68 	-0.14 	0 
-0.17 	-0.43 	0 
-0.07 	0.29 	0 
-0.08 	0.27 	0 
0.30 	-0.36 	0 
-0.76 	-0.75 	0 
-0.13 	-0.77 	0 
0.00 	-0.39 	0 
-0.76 	-0.60 	0 
0.31 	-0.08 	0 
0.07 	-0.81 	0 
0.12 	0.25 	0 
-0.26 	-0.65 	0 
-0.35 	-0.50 	0 
0.17 	0.03 	0 
0.07 	-0.58 	0 
-0.51 	-0.52 	0 
-0.51 	-0.16 	0 
-0.44 	-0.19 	0 
0.19 	-0.11 	0 
-0.15 	0.13 	0 
-0.20 	-0.42 	0 
-0.60 	0.26 	0 
-0.65 	0.09 	0 
-0.57 	0.00 	0 
-0.19 	-0.69 	0 
0.25 	-0.68 	0 
-0.82 	-0.74 	0 
-0.48 	-0.11 	0 
0.01 	-0.14 	0 
0.27 	-0.64 	0 
-0.36 	-0.67 	0 
-0.98 	-0.12 	0 
0.19 	-0.07 	0 
-0.12 	-0.89 	0 
-0.30 	-0.40 	0 
-0.14 	-0.63 	0 
-0.37 	-0.69 	0 
-0.74 	-0.44 	0 
-0.11 	-0.31 	0 
-0.43 	-0.48 	0 
-0.02 	-0.73 	0 
0.17 	-0.42 	0 
-0.30 	-0.54 	0 
-0.47 	-0.50 	0 
-0.08 	-0.25 	0 
-0.16 	-0.98 	0 
-0.79 	-0.60 	0 
-0.70 	-0.69 	0 
-0.25 	-0.72 	0 
-0.26 	-0.85 	0 
0.25 	-0.25 	0 
-0.68 	-0.32 	0 
-0.49 	-0.91 	0 
-0.82 	-0.62 	0 
-0.69 	-0.48 	0 
-0.27 	-0.98 	0 
-0.74 	-0.03 	0 
-0.25 	0.19 	0 
-0.04 	-0.43 	0 
-0.88 	0.06 	0 
-0.80 	-0.42 	0 
-0.04 	-0.42 	0 
0.10 	-0.42 	0 
-0.38 	0.15 	0 
-0.39 	-0.51 	0 
-0.48 	-0.13 	0 
-0.14 	-0.75 	0 
-0.63 	-0.85 	0 
-0.64 	-0.39 	0 
0.35 	-0.51 	0 
-0.73 	-0.09 	0 
0.15 	-0.12 	0 
-0.14 	0.29 	0 
-0.22 	-0.15 	0 
-0.99 	-0.21 	0 
0.10 	-0.66 	0 
-0.65 	-0.60 	0 
-0.02 	0.29 	0 
0.23 	-0.03 	0 
-0.47 	-0.48 	0 
-0.97 	-0.09 	0 
-0.38 	-0.86 	0 
0.14 	0.18 	0 
-0.46 	0.35 	0 
-0.35 	-0.30 	0 
-0.56 	-0.18 	0 
0.20 	0.16 	0 
-0.29 	-0.33 	0 
-0.32 	0.29 	0 
-0.63 	-0.10 	0 
0.20 	-0.35 	0 
0.14 	-0.19 	0 
0.16 	-0.58 	0 
0.24 	-0.29 	0 
-0.48 	0.14 	0 
-0.27 	-0.92 	0 
-0.48 	-0.05 	0 
0.27 	-0.59 	0 
-0.22 	-0.03 	0 
-0.80 	-0.48 	0 
-0.31 	0.06 	0 
-0.56 	-0.03 	0 
-0.24 	-0.43 	0 
-0.61 	0.18 	0 
0.08 	-0.61 	0 
-0.54 	0.18 	0 
-0.21 	-0.57 	0 
-0.24 	-0.71 	0 
-0.85 	-0.64 	0 
0.01 	-0.23 	0 
-0.08 	-0.11 	0 
0.37 	-0.19 	0 
-0.73 	0.06 	0 
-0.70 	-0.10 	0 
0.25 	-0.29 	0 
0.13 	0.16 	0 
-0.11 	-0.73 	0 
-0.19 	-0.28 	0 
-0.36 	-0.37 	0 
-0.57 	-0.40 	0 
0.10 	-0.27 	0 
-0.44 	-0.48 	0 
-0.43 	0.11 	0 
-0.54 	-0.15 	0 
-0.07 	-0.41 	0 
-0.55 	-0.50 	0 
-0.51 	-0.83 	0 
-0.32 	0.04 	0 
-0.72 	-0.23 	0 
-0.97 	-0.27 	0 
-0.18 	-0.68 	0 
-0.20 	-0.56 	0 
-0.19 	-0.59 	0 
-0.45 	0.35 	0 
0.38 	-0.14 	0 
-0.53 	-0.13 	0 
-0.02 	0.01 	0 
-0.86 	-0.53 	0 
0.20 	-0.72 	0 
-0.48 	0.07 	0 
0.11 	-0.41 	0 
0.16 	-0.22 	0 
-0.27 	-0.61 	0 
0.04 	-0.32 	0 
-0.37 	-0.28 	0 
-0.04 	0.32 	0 
-0.68 	-0.49 	0 
-0.09 	0.00 	0 
-0.34 	0.06 	0 
-0.70 	-0.83 	0 
-0.65 	-0.67 	0 
-0.69 	-0.80 	0 
-0.06 	-0.28 	0 
-0.77 	-0.73 	0 
-0.09 	-0.55 	0 
-0.88 	-0.42 	0 
-0.63 	-0.22 	0 
-0.53 	-0.45 	0 
0.17 	0.21 	0 
0.11 	-0.30 	0 
0.18 	-0.78 	0 
-0.72 	0.19 	0 
-0.75 	0.11 	0 
-0.08 	-0.52 	0 
-0.03 	-0.56 	0 
0.11 	-0.14 	0 
-0.08 	-0.56 	0 
-0.21 	0.12 	0 
0.09 	0.03 	0 
0.17 	-0.69 	0 
-0.97 	-0.32 	0 
-0.27 	0.17 	0 
-0.19 	0.00 	0 
0.28 	-0.37 	0 
-0.68 	-0.46 	0 
-0.20 	0.14 	0 
-0.51 	-0.80 	0 
-0.83 	-0.22 	0 
-0.72 	-0.26 	0 
-0.94 	-0.44 	0 
0.27 	0.01 	0 
0.09 	-0.22 	0 
-0.37 	-0.16 	0 
-0.29 	-0.78 	0 
-0.25 	-0.85 	0 
-0.09 	-0.29 	0 
-0.46 	-0.75 	0 
-0.20 	-0.71 	0 
-0.25 	-0.26 	0 
0.04 	-0.43 	0 
0.10 	-0.07 	0 
0.39 	-0.37 	0 
-0.66 	0.21 	0 
0.33 	-0.13 	0 
-0.02 	-0.59 	0 
-0.26 	-0.80 	0 
-0.09 	0.32 	0 
-0.27 	0.10 	0 
-0.92 	-0.45 	0 
-0.90 	-0.06 	0 
-0.81 	0.04 	0 
0.14 	-0.73 	0 
-0.35 	-0.42 	0 
-0.13 	0.35 	0 
0.05 	-0.39 	0 
0.01 	-0.21 	0 
0.20 	-0.56 	0 
-0.03 	0.09 	0 
-0.24 	-0.61 	0 
-0.16 	-0.47 	0 
-0.42 	-0.06 	0 
-0.33 	-1.00 	0 
-0.36 	-0.48 	0 
-0.06 	-0.46 	0 
-0.14 	-0.17 	0 
-0.41 	0.03 	0 
-0.68 	-0.78 	0 
-0.20 	-0.73 	0 
-0.37 	-0.13 	0 
-0.23 	-0.78 	0 
0.08 	-0.04 	0 
-0.54 	-0.77 	0 
-0.16 	-0.19 	0 
0.26 	-0.13 	0 
0.24 	-0.18 	0 
-0.31 	0.28 	0 
0.23 	-0.36 	0 
-0.11 	0.09 	0 
0.37 	-0.36 	0 
-0.28 	-0.22 	0 
-0.42 	-0.14 	0 
-0.55 	0.24 	0 
-0.65 	-0.51 	0 
-0.47 	-0.27 	0 
0.35 	-0.18 	0 
0.21 	-0.54 	0 
0.11 	0.19 	0 
-0.40 	-0.29 	0 
0.31 	-0.10 	0 
0.21 	-0.27 	0 
-0.41 	-0.88 	0 
-0.15 	0.20 	0 
-0.40 	-0.03 	0 
-0.57 	0.20 	0 
-0.24 	-0.46 	0 
-0.33 	0.22 	0 
-0.68 	-0.19 	0 
-0.64 	-0.83 	0 
-0.87 	0.07 	0 
-0.92 	-0.41 	0 
-0.17 	-0.98 	0 
-0.25 	-0.49 	0 
0.34 	-0.09 	0 
-0.86 	0.10 	0 
-0.41 	-0.40 	0 
-0.29 	0.17 	0 
-0.42 	0.33 	0 
-0.38 	0.37 	0 
0.03 	-0.81 	0 
-0.86 	-0.37 	0 
0.22 	-0.06 	0 
-0.70 	-0.46 	0 
-0.21 	-0.18 	0 
0.11 	-0.58 	0 
-0.87 	0.05 	0 
-0.73 	0.00 	0 
0.04 	-0.31 	0 
-0.30 	-0.28 	0 
0.01 	0.13 	0 
-0.63 	-0.41 	0 
0.07 	-0.39 	0 
0.10 	0.17 	0 
-0.41 	-0.80 	0 
-0.44 	-0.73 	0 
-0.19 	-0.19 	0 
-0.39 	-0.36 	0 
0.31 	-0.58 	0 
-0.69 	-0.38 	0 
-0.58 	-0.23 	0 
-0.63 	-0.60 	0 
-0.83 	-0.48 	0 
0.18 	-0.05 	0 
-0.79 	0.14 	0 
-0.27 	-0.14 	0 
-0.26 	0.16 	0 
-0.87 	-0.32 	0 
-0.50 	-0.57 	0 
0.15 	-0.25 	0 
-0.02 	-0.63 	0 
-0.47 	0.10 	0 
0.01 	-0.59 	0 
-0.28 	-0.25 	0 
-0.54 	-0.21 	0 
-0.41 	-0.48 	0 
-0.34 	-0.54 	0 
-0.88 	-0.13 	0 
0.21 	-0.78 	0 
-0.80 	-0.41 	0 
0.07 	-0.52 	0 
-0.16 	-0.68 	0 
-0.47 	-0.13 	0 
-0.14 	0.38 	0 
0.05 	0.06 	0 
-0.02 	0.22 	0 
-0.50 	-0.46 	0 
-0.86 	-0.14 	0 
-0.63 	-0.79 	0 
-0.33 	-0.46 	0 
-0.88 	-0.51 	0 
-0.09 	0.34 	0 
-0.92 	-0.08 	0 
-0.47 	-0.63 	0 
-0.29 	0.29 	0 
-0.71 	-0.01 	0 
0.17 	-0.68 	0 
-0.28 	0.04 	0 
-0.88 	-0.51 	0 
0.16 	-0.54 	0 
0.30 	-0.44 	0 
-0.41 	-0.93 	0 
-0.66 	-0.04 	0 
0.18 	-0.71 	0 
0.21 	-0.42 	0 
0.24 	-0.07 	0 
0.15 	-0.09 	0 
-0.61 	-0.54 	0 
-0.60 	-0.15 	0 
-0.79 	-0.05 	0 
-0.27 	-0.94 	0 
-0.62 	-0.73 	0 
-0.37 	-0.50 	0 
-0.90 	0.04 	0 
0.31 	-0.42 	0 
-0.68 	-0.20 	0 
0.18 	-0.39 	0 
-0.12 	-0.93 	0 
-0.81 	0.16 	0 
-0.73 	-0.16 	0 
-0.78 	-0.68 	0 
-0.06 	-0.34 	0 
-0.22 	-0.16 	0 
0.06 	0.22 	0 
-0.10 	-0.95 	0 
-0.72 	-0.64 	0 
-0.09 	-0.49 	0 
-0.24 	0.40 	0 
0.38 	-0.45 	0 
-0.12 	-0.50 	0 
-0.64 	-0.49 	0 
-0.28 	0.37 	0 
-0.37 	-0.39 	0 
-0.88 	-0.16 	0 
0.03 	-0.32 	0 
-0.19 	0.07 	0 
-0.54 	-0.25 	0 
0.36 	-0.43 	0 
0.17 	-0.29 	0 
-0.94 	-0.23 	0 
-0.05 	-0.59 	0 
-0.60 	-0.25 	0 
-0.43 	-0.92 	0 
-0.12 	0.13 	0 
-0.92 	-0.43 	0 
-0.22 	-0.29 	0 
-0.74 	0.12 	0 
-0.19 	0.00 	0 
-0.53 	0.31 	0 
0.17 	0.13 	0 
-0.79 	-0.75 	0 
0.05 	-0.09 	0 
0.05 	-0.49 	0 
-0.87 	-0.70 	0 
-0.60 	-0.24 	0 
-0.41 	-0.75 	0 
0.19 	-0.10 	0 
-0.31 	-0.52 	0 
-0.22 	-0.96 	0 
-0.73 	-0.67 	0 
-0.36 	-0.66 	0 
-0.77 	-0.08 	0 
-0.65 	-0.76 	0 
-0.30 	-0.41 	0 
0.11 	-0.80 	0 
-0.66 	-0.23 	0 
-0.80 	0.19 	0 
-0.56 	-0.68 	0 
-0.03 	-0.70 	0 
-0.01 	-0.16 	0 
-0.22 	-0.67 	0 
-0.62 	-0.05 	0 
0.11 	0.22 	0 
0.35 	-0.39 	0 
-0.71 	-0.35 	0 
-0.17 	-0.81 	0 
-0.75 	0.01 	0 
-0.62 	0.23 	0 
-0.72 	-0.01 	0 
-0.45 	0.36 	0 
-0.22 	-0.86 	0 
-0.74 	-0.06 	0 
0.14 	-0.72 	0 
-0.51 	-0.35 	0 
-0.89 	-0.14 	0 
0.00 	0.24 	0 
-0.79 	0.05 	0 
0.29 	-0.20 	0 
-0.27 	0.39 	0 
-0.13 	-0.50 	0 
0.10 	-0.27 	0 
-0.10 	-0.88 	0 
-0.23 	-0.26 	0 
-0.75 	-0.62 	0 
-0.81 	-0.37 	0 
0.00 	-0.13 	0 
0.18 	-0.33 	0 
-0.08 	-0.29 	0 
-0.33 	-0.93 	0 
0.26 	-0.22 	0 
-0.46 	-0.59 	0 
0.35 	-0.44 	0 
-0.11 	-0.34 	0 
-0.39 	0.04 	0 
-0.48 	0.20 	0 
-0.53 	-0.78 	0 
0.27 	0.04 	0 
0.20 	-0.39 	0 
0.06 	-0.10 	0 
-0.25 	-0.02 	0 
0.00 	0.29 	0 
-0.20 	-0.31 	0 
-0.22 	0.20 	0 
-0.59 	-0.44 	0 
-0.80 	-0.09 	0 
-0.06 	-0.51 	0 
0.23 	-0.43 	0 
-0.66 	-0.37 	0 
-0.05 	-0.54 	0 
-0.92 	-0.48 	0 
-0.81 	0.10 	0 
-0.19 	-0.31 	0 
-0.87 	-0.60 	0 
-0.35 	-0.50 	0 
-0.60 	0.04 	0 
-0.55 	-0.84 	0 
0.17 	-0.24 	0 
-0.65 	-0.44 	0 
0.03 	-0.31 	0 
-0.70 	-0.72 	0 
-0.45 	-0.38 	0 
0.32 	-0.20 	0 
-0.17 	-0.67 	0 
0.01 	-0.13 	0 
-0.08 	-0.23 	0 
-0.51 	-0.17 	0 
-0.15 	-0.21 	0 
0.04 	-0.31 	0 
-0.40 	0.35 	0 
-0.44 	0.18 	0 
-0.58 	-0.61 	0 
-0.15 	-0.13 	0 
-0.68 	-0.55 	0 
0.30 	-0.48 	0 
-0.12 	0.34 	0 
-0.03 	-0.29 	0 
0.28 	0.01 	0 
-0.06 	0.19 	0 
-0.26 	0.01 	0 
-0.60 	0.00 	0 
-0.81 	-0.30 	0 
-0.42 	0.25 	0 
-0.52 	-0.08 	0 
-0.26 	-0.96 	0 
-0.79 	-0.09 	0 
-0.08 	-0.36 	0 
0.26 	-0.21 	0 
-0.74 	-0.22 	0 
0.28 	-0.63 	0 
-0.85 	0.01 	0 
-0.52 	0.22 	0 
-0.34 	-0.61 	0 
-0.03 	-0.05 	0 
-0.95 	-0.19 	0 
-0.69 	-0.14 	0 
-0.80 	-0.63 	0 
-0.30 	-0.27 	0 
-0.05 	0.29 	0 
0.04 	-0.26 	0 
-0.08 	-0.36 	0 
-0.75 	-0.73 	0 
0.32 	-0.49 	0 
-0.03 	-0.25 	0 
-0.79 	0.10 	0 
0.17 	-0.03 	0 
-0.38 	-0.93 	0 
-0.99 	-0.25 	0 
-0.41 	-0.17 	0 
-0.25 	-0.64 	0 
-0.14 	0.24 	0 
-0.47 	-0.16 	0 
-0.68 	-0.02 	0 
-0.14 	-0.22 	0 
-0.12 	-0.81 	0 
-0.70 	-0.11 	0 
0.23 	-0.57 	0 
-0.54 	-0.05 	0 
-0.02 	-0.40 	0 
0.13 	0.09 	0 
-0.35 	-0.22 	0 
0.12 	0.01 	0 
-0.01 	-0.15 	0 
0.08 	-0.32 	0 
-0.58 	-0.28 	0 
-0.80 	0.02 	0 
-0.19 	-0.06 	0 
-0.34 	-0.40 	0 
-0.32 	-0.07 	0 
-0.93 	-0.22 	0 
-0.34 	-0.15 	0 
-0.16 	-0.46 	0 
-0.79 	-0.74 	0 
-0.65 	-0.03 	0 
-0.97 	-0.42 	0 
0.10 	-0.22 	0 
-0.24 	-0.07 	0 
0.16 	0.20 	0 
-0.44 	-0.87 	0 
-0.11 	-0.48 	0 
-0.06 	-0.39 	0 
-0.15 	0.16 	0 
0.35 	-0.39 	0 
-0.65 	-0.87 	0 
0.22 	0.02 	0 
-0.32 	-0.35 	0 
-0.19 	-0.62 	0 
-0.31 	-0.51 	0 
-0.70 	-0.50 	0 
0.12 	-0.42 	0 
0.02 	-0.08 	0 
-0.53 	-0.46 	0 
-0.82 	0.03 	0 
-0.19 	-0.30 	0 
0.18 	-0.77 	0 
0.08 	-0.10 	0 
-0.57 	0.09 	0 
0.13 	-0.79 	0 
-0.54 	-0.49 	0 
0.04 	0.20 	0 
-0.38 	-0.48 	0 
-0.35 	-0.82 	0 
0.02 	-0.31 	0 
-0.85 	-0.18 	0 
-0.02 	0.11 	0 
0.18 	0.07 	0 
-0.66 	-0.80 	0 
-0.36 	-0.21 	0 
0.37 	-0.17 	0 
0.02 	-0.41 	0 
-0.23 	0.30 	0 
-0.10 	-0.39 	0 
0.34 	-0.46 	0 
-0.53 	-0.19 	0 
-0.26 	-0.82 	0 
-0.55 	-0.09 	0 
-0.68 	-0.14 	0 
-0.52 	-0.17 	0 
-0.73 	-0.12 	0 
-0.28 	-0.57 	0 
-0.13 	0.33 	0 
-0.04 	0.23 	0 
-0.73 	-0.68 	0 
-0.20 	-0.72 	0 
0.03 	-0.82 	0 
-0.17 	0.17 	0 
-0.61 	-0.25 	0 
0.14 	-0.06 	0 
0.40 	-0.30 	0 
-0.40 	-0.49 	0 
0.18 	-0.31 	0 
-0.66 	-0.10 	0 
-0.32 	-0.50 	0 
-0.72 	-0.30 	0 
-0.28 	-0.37 	0 
-0.08 	-0.85 	0 
-0.42 	-0.68 	0 
0.24 	-0.34 	0 
0.21 	-0.66 	0 
-0.14 	0.09 	0 
0.25 	-0.33 	0 
-0.26 	-0.01 	0 
0.07 	-0.26 	0 
-0.48 	-0.67 	0 
-0.75 	0.05 	0 
-0.11 	-0.61 	0 
-0.53 	0.33 	0 
-0.25 	0.26 	0 
-0.36 	-0.78 	0 
-0.77 	-0.42 	0 
0.08 	-0.85 	0 
-0.10 	-0.35 	0 
0.18 	-0.71 	0 
-0.16 	-0.13 	0 
-0.22 	-0.53 	0 
-0.87 	-0.35 	0 
0.38 	-0.31 	0 
0.30 	-0.05 	0 
0.09 	0.13 	0 
-0.28 	-0.26 	0 
-0.23 	-0.53 	0 
-0.48 	0.17 	0 
-0.03 	0.12 	0 
-0.72 	-0.54 	0 
-0.02 	-0.11 	0 
0.18 	-0.25 	0 
-0.42 	-0.22 	0 
-0.37 	-0.08 	0 
-0.29 	-0.45 	0 
-0.21 	-0.44 	0 
-0.40 	-0.40 	0 
-0.35 	0.02 	0 
-0.56 	-0.34 	0 
-0.13 	-0.27 	0 
-0.27 	0.21 	0 
-0.09 	-0.41 	0 
-0.02 	-0.56 	0 
-0.36 	-0.67 	0 
-0.53 	-0.11 	0 
-0.37 	-0.59 	0 
-0.63 	0.23 	0 
0.06 	-0.24 	0 
-0.45 	-0.10 	0 
-0.85 	-0.44 	0 
-0.52 	0.36 	0 
-0.08 	-0.18 	0 
-0.38 	-0.19 	0 
0.12 	-0.58 	0 
-0.15 	-0.30 	0 
0.11 	-0.50 	0 
-0.28 	-0.47 	0 
-0.36 	0.01 	0 
-0.09 	-0.35 	0 
0.14 	-0.80 	0 
-0.18 	0.20 	0 
0.00 	-0.73 	0 
-0.84 	-0.11 	0 
-0.55 	-0.80 	0 
-0.67 	-0.49 	0 
-0.77 	-0.03 	0 
0.22 	-0.24 	0 
0.17 	0.06 	0 
-0.16 	-0.19 	0 
-0.12 	-0.14 	0 
-0.61 	-0.13 	0 
-0.38 	-0.77 	0 
0.21 	-0.60 	0 
0.28 	0.00 	0 
-0.60 	-0.27 	0 
-0.44 	-0.77 	0 
-0.68 	-0.25 	0 
-0.45 	-0.48 	0 
-0.64 	-0.86 	0 
-0.54 	-0.22 	0 
-0.77 	-0.05 	0 
-0.90 	-0.39 	0 
-0.90 	-0.27 	0 
-0.64 	0.01 	0 
-0.84 	-0.19 	0 
-0.50 	0.16 	0 
-0.58 	-0.75 	0 
-0.02 	-0.69 	0 
0.31 	-0.25 	0 
-0.20 	-0.27 	0 
0.21 	0.14 	0 
-0.36 	0.20 	0 
0.01 	-0.61 	0 
0.16 	-0.64 	0 
0.15 	0.06 	0 
-0.34 	0.28 	0 
-0.25 	0.09 	0 
-0.28 	-0.12 	0 
-0.82 	-0.27 	0 
-0.30 	-0.51 	0 
0.14 	0.06 	0 
-0.72 	-0.02 	0 
-0.77 	0.13 	0 
-0.37 	-0.09 	0 
-0.34 	-0.38 	0 
-0.19 	0.18 	0 
-0.55 	-0.23 	0 
0.09 	0.17 	0 
-0.19 	-0.97 	0 
-0.48 	0.09 	0 
0.00 	0.25 	0 
-0.09 	-0.02 	0 
-0.61 	0.30 	0 
-0.36 	-0.71 	0 
0.24 	0.08 	0 
-0.69 	-0.28 	0 
-0.52 	0.08 	0 
-0.86 	-0.37 	0 
-0.39 	0.39 	0 
-0.10 	-0.47 	0 
-0.61 	-0.57 	0 
-0.28 	-0.18 	0 
-0.18 	-0.76 	0 
-0.50 	-0.09 	0 
-0.52 	-0.42 	0 
-0.02 	0.30 	0 
0.06 	-0.21 	0 
-0.48 	-0.56 	0 
0.31 	-0.44 	0 
-0.14 	-0.81 	0 
-0.40 	-0.74 	0 
-0.39 	0.34 	0 
-0.82 	-0.66 	0 
-0.24 	0.22 	0 
0.12 	-0.09 	0 
-0.48 	0.37 	0 
0.25 	-0.68 	0 
-0.63 	-0.03 	0 
0.18 	-0.05 	0 
-0.60 	-0.71 	0 
-0.41 	-0.68 	0 
-0.88 	-0.68 	0 
-0.91 	-0.59 	0 
0.05 	-0.57 	0 
-0.12 	-0.67 	0 
-0.81 	-0.60 	0 
0.12 	-0.29 	0 
0.24 	-0.02 	0 
-0.49 	-0.84 	0 
-0.72 	-0.43 	0 
-0.81 	-0.06 	0 
-0.57 	-0.93 	0 
-0.15 	-0.90 	0 
0.28 	-0.53 	0 
-0.12 	-0.77 	0 
-0.95 	-0.57 	0 
-0.47 	0.13 	0 
-0.43 	-0.02 	0 
-0.28 	-0.53 	0 
-0.32 	-0.49 	0 
-0.70 	-0.45 	0 
-0.09 	-0.26 	0 
-0.74 	-0.74 	0 
-0.87 	-0.34 	0 
0.19 	-0.39 	0 
-0.88 	0.02 	0 
-0.78 	-0.75 	0 
-0.32 	-0.32 	0 
-0.90 	-0.65 	0 
-0.59 	-0.42 	0 
-0.54 	0.12 	0 
-0.01 	-0.52 	0 
-0.79 	-0.40 	0 
-0.80 	-0.65 	0 
-0.57 	-0.26 	0 
-0.34 	-0.54 	0 
0.09 	-0.53 	0 
0.33 	-0.30 	0 
0.05 	-0.52 	0 
0.28 	-0.20 	0 
-0.32 	0.01 	0 
0.09 	0.01 	0 
-0.14 	-0.02 	0 
-0.90 	-0.31 	0 
-0.80 	-0.18 	0 
0.07 	-0.37 	0 
-0.16 	0.10 	0 
-0.04 	0.01 	0 
0.28 	-0.67 	0 
-0.69 	0.00 	0 
-0.53 	-0.34 	0 
-0.43 	-0.31 	0 
-0.55 	-0.55 	0 
0.19 	0.11 	0 
-0.68 	-0.74 	0 
-0.01 	-0.36 	0 
-0.47 	-0.61 	0 
-0.64 	-0.88 	0 
0.33 	-0.39 	0 
0.27 	-0.30 	0 
-0.15 	-0.84 	0 
0.04 	-0.12 	0 
-0.23 	-0.79 	0 
-0.25 	-0.94 	0 
-0.20 	-0.32 	0 
-0.12 	-0.96 	0 
0.10 	-0.20 	0 
-0.79 	-0.45 	0 
0.26 	-0.39 	0 
-0.57 	0.20 	0 
0.02 	-0.20 	0 
0.15 	-0.48 	0 
-0.58 	0.22 	0 
0.21 	-0.16 	0 
-0.27 	-0.63 	0 
-0.36 	0.38 	0 
-0.86 	-0.45 	0 
-0.46 	-0.30 	0 
0.15 	0.05 	0 
0.32 	-0.25 	0 
-0.17 	-0.96 	0 
-0.79 	-0.51 	0 
0.16 	-0.76 	0 
-0.14 	-0.21 	0 
0.27 	-0.34 	0 
-0.65 	-0.74 	0 
-0.04 	-0.86 	0 
0.14 	0.01 	0 
-0.04 	0.10 	0 
-0.28 	-0.24 	0 
-0.47 	0.32 	0 
0.18 	0.17 	0 
-0.25 	-0.49 	0 
-0.28 	0.38 	0 
-0.30 	-0.97 	0 
-0.02 	-0.53 	0 
-0.04 	-0.63 	0 
0.20 	-0.38 	0 
0.13 	-0.36 	0 
0.13 	0.04 	0 
-0.07 	-0.41 	0 
-0.25 	0.10 	0 
-0.77 	-0.18 	0 
-0.18 	-0.45 	0 
-0.30 	-0.66 	0 
-0.99 	-0.39 	0 
-0.05 	-0.38 	0 
-0.40 	-0.60 	0 
-0.60 	-0.86 	0 
-0.84 	-0.29 	0 
0.18 	-0.05 	0 
0.04 	0.23 	0 
0.36 	-0.23 	0 
-0.69 	0.17 	0 
-0.48 	-0.71 	0 
-0.67 	-0.27 	0 
-0.24 	-0.96 	0 
-0.61 	-0.83 	0 
-0.52 	-0.91 	0 
-0.66 	-0.29 	0 
-0.91 	-0.45 	0 
0.17 	-0.34 	0 
0.20 	0.04 	0 
-0.58 	-0.81 	0 
-0.45 	-0.55 	0 
0.34 	-0.57 	0 
0.27 	-0.23 	0 
-0.10 	0.02 	0 
0.00 	0.10 	0 
-0.19 	-0.98 	0 
-0.56 	-0.57 	0 
0.15 	0.12 	0 
-0.57 	-0.57 	0 
0.16 	0.21 	0 
-0.07 	0.17 	0 
0.02 	-0.54 	0 
-0.92 	-0.09 	0 
-0.12 	-0.93 	0 
-0.35 	-0.03 	0 
-0.75 	-0.26 	0 
0.27 	-0.29 	0 
-0.07 	0.23 	0 
-0.35 	-0.50 	0 
-0.27 	-0.10 	0 
-0.08 	0.14 	0 
-0.09 	-0.40 	0 
-0.10 	-0.12 	0 
-0.19 	-0.34 	0 
0.20 	-0.55 	0 
-0.29 	0.04 	0 
-0.04 	-0.82 	0 
-0.97 	-0.38 	0 
-0.60 	0.19 	0 
-0.37 	0.36 	0 
0.04 	-0.76 	0 
-0.80 	-0.19 	0 
-0.13 	-0.57 	0 
-0.02 	-0.92 	0 
-0.87 	-0.25 	0 
-0.38 	-0.85 	0 
-0.10 	-0.38 	0 
-0.68 	0.06 	0 
-0.14 	-0.21 	0 
0.16 	0.03 	0 
-0.44 	-0.86 	0 
-0.82 	-0.09 	0 
-0.19 	0.29 	0 
0.23 	-0.37 	0 
-0.71 	-0.84 	0 
-1.00 	-0.31 	0 
-0.75 	0.19 	0 
-0.39 	-0.25 	0 
-0.42 	-0.53 	0 
-0.61 	-0.45 	0 
-0.82 	-0.50 	0 
-0.02 	-0.74 	0 
0.14 	0.10 	0 
-0.48 	0.22 	0 
-0.71 	-0.16 	0 
-0.01 	-0.84 	0 
0.02 	-0.70 	0 
0.12 	0.25 	0 
-0.79 	0.07 	0 
-0.01 	-0.10 	0 
0.14 	-0.32 	0 
0.13 	-0.81 	0 
-0.10 	0.10 	0 
-0.41 	-0.44 	0 
-0.28 	0.39 	0 
0.03 	-0.57 	0 
-0.91 	-0.18 	0 
-0.44 	-0.39 	0 
-0.39 	0.05 	0 
-0.65 	-0.49 	0 
-0.49 	-0.53 	0 
-0.02 	-0.31 	0 
0.00 	-0.62 	0 
0.08 	-0.58 	0 
-0.74 	0.00 	0 
0.04 	-0.88 	0 
-0.34 	0.38 	0 
-0.12 	-0.76 	0 
-0.66 	-0.78 	0 
-0.12 	-0.91 	0 
-0.88 	-0.65 	0 
-0.07 	-0.85 	0 
-0.41 	0.39 	0 
0.18 	-0.32 	0 
-0.32 	-0.14 	0 
0.19 	0.17 	0 
-0.62 	-0.32 	0 
0.21 	-0.48 	0 
-0.18 	-0.76 	0 
-0.53 	-0.74 	0 
-0.75 	-0.09 	0 
0.18 	-0.51 	0 
0.05 	0.20 	0 
-0.44 	-0.32 	0 
0.07 	-0.16 	0 
0.36 	-0.49 	0 
-0.39 	-0.85 	0 
0.16 	-0.78 	0 
-0.27 	-0.10 	0 
-0.81 	0.17 	0 
0.16 	0.20 	0 
-0.86 	0.12 	0 
-0.39 	-0.65 	0 
-0.40 	-0.34 	0 
-0.04 	0.30 	0 
0.11 	-0.25 	0 
0.07 	0.16 	0 
-0.31 	0.28 	0 
-0.57 	-0.89 	0 
-0.26 	0.22 	0 
-0.21 	-0.93 	0 
-0.61 	0.30 	0 
-0.96 	-0.42 	0 
-0.09 	-0.64 	0 
-0.09 	-0.10 	0 
-0.11 	-0.14 	0 
0.23 	-0.41 	0 
0.08 	0.02 	0 
-0.63 	-0.48 	0 
-0.58 	0.04 	0 
-0.14 	-0.56 	0 
-0.30 	-0.46 	0 
-0.34 	0.08 	0 
-0.35 	-0.25 	0 
-0.45 	-0.62 	0 
0.02 	-0.04 	0 
-0.62 	0.32 	0 
-0.29 	-0.73 	0 
-0.76 	0.11 	0 
0.03 	-0.88 	0 
-0.34 	-0.41 	0 
-0.22 	-0.78 	0 
-0.35 	0.01 	0 
-0.17 	0.03 	0 
-0.93 	-0.18 	0 
0.27 	-0.66 	0 
-0.18 	0.02 	0 
-0.92 	-0.62 	0 
0.34 	-0.24 	0 
0.22 	-0.35 	0 
-0.48 	-0.69 	0 
-0.24 	-0.72 	0 
-0.75 	-0.37 	0 
-0.75 	-0.02 	0 
-0.18 	-0.15 	0 
0.01 	-0.51 	0 
0.16 	-0.16 	0 
-0.47 	-0.85 	0 
-0.71 	0.19 	0 
-0.29 	-0.88 	0 
-0.25 	-0.34 	0 
-0.70 	-0.47 	0 
-0.02 	-0.78 	0 
-0.20 	-0.07 	0 
-0.08 	-0.61 	0 
0.17 	-0.32 	0 
-0.45 	-0.79 	0 
-0.45 	-0.26 	0 
-0.15 	-0.35 	0 
-0.55 	0.32 	0 
-0.48 	-0.89 	0 
-0.64 	-0.88 	0 
-0.14 	-0.72 	0 
-0.04 	0.02 	0 
-0.67 	-0.89 	0 
-0.67 	0.26 	0 
-0.12 	-0.62 	0 
-0.39 	0.33 	0 
-0.13 	-0.42 	0 
-0.71 	-0.25 	0 
-0.20 	-0.32 	0 
0.07 	-0.23 	0 
-0.60 	-0.24 	0 
-0.52 	0.24 	0 
-0.06 	-0.39 	0 
0.18 	0.08 	0 
-0.39 	-0.61 	0 
-0.52 	-0.41 	0 
-0.15 	0.07 	0 
0.01 	-0.33 	0 
-0.79 	-0.22 	0 
-0.47 	0.18 	0 
0.17 	-0.60 	0 
-0.02 	-0.37 	0 
-0.46 	-0.77 	0 
-0.91 	-0.57 	0 
-0.98 	-0.26 	0 
-0.69 	-0.11 	0 
-0.76 	-0.17 	0 
0.02 	-0.66 	0 
-0.34 	-0.01 	0 
-0.77 	0.00 	0 
-0.22 	-0.58 	0 
-0.15 	0.18 	0 
-0.52 	-0.37 	0 
-0.79 	-0.26 	0 
-0.15 	0.09 	0 
-0.92 	-0.59 	0 
-0.62 	-0.49 	0 
-0.09 	-0.08 	0 
0.14 	-0.71 	0 
-0.39 	-0.15 	0 
-0.78 	-0.33 	0 
-0.93 	-0.10 	0 
-0.73 	-0.44 	0 
-0.70 	-0.32 	0 
-0.87 	-0.48 	0 
-0.15 	-0.44 	0 
-0.55 	-0.62 	0 
-0.48 	-0.71 	0 
0.21 	-0.20 	0 
-0.23 	-0.48 	0 
-0.04 	-0.78 	0 
-0.35 	-0.03 	0 
-0.40 	-0.30 	0 
-0.31 	-0.55 	0 
-0.14 	0.14 	0 
-0.42 	-0.97 	0 
0.19 	0.14 	0 
0.09 	0.16 	0 
-0.51 	-0.90 	0 
-0.28 	-0.63 	0 
0.15 	-0.11 	0 
-0.41 	-0.98 	0 
0.10 	-0.46 	0 
-0.74 	-0.41 	0 
-0.10 	0.27 	0 
-0.27 	-0.68 	0 
-0.05 	-0.67 	0 
0.10 	-0.64 	0 
-0.70 	-0.26 	0 
-0.52 	-0.71 	0 
-0.64 	0.29 	0 
-0.36 	0.38 	0 
-0.04 	0.32 	0 
0.14 	-0.80 	0 
-0.85 	-0.11 	0 
-0.64 	-0.03 	0 
0.06 	-0.74 	0 
-0.55 	-0.46 	0 
-0.72 	-0.46 	0 
-0.10 	-0.85 	0 
0.84 	-0.02 	1 
0.96 	-0.09 	1 
0.90 	-0.10 	1 
0.96 	0.00 	1 
0.89 	-0.09 	1 
0.88 	-0.03 	1 
0.84 	-0.04 	1 
0.85 	-0.09 	1 
0.93 	-0.02 	1 
0.93 	-0.04 	1 
0.93 	0.03 	1 
0.87 	-0.04 	1 
0.93 	-0.11 	1 
0.98 	-0.07 	1 
0.86 	-0.05 	1 
0.93 	-0.07 	1 
0.89 	-0.06 	1 
0.96 	-0.02 	1 
0.93 	-0.09 	1 
0.88 	-0.10 	1 
0.95 	-0.04 	1 
0.93 	0.02 	1 
0.86 	-0.07 	1 
0.97 	-0.03 	1 
0.92 	-0.10 	1 
0.91 	0.04 	1 
0.85 	-0.09 	1 
0.90 	-0.10 	1 
0.96 	-0.11 	1 
0.94 	-0.12 	1 
0.91 	-0.07 	1 
0.93 	0.03 	1 
0.89 	-0.09 	1 
0.91 	0.00 	1 
0.91 	-0.10 	1 
0.95 	-0.12 	1 
0.90 	-0.02 	1 
0.90 	-0.12 	1 
0.92 	-0.01 	1 
0.97 	-0.03 	1 
0.90 	0.02 	1 
0.94 	-0.05 	1 
0.96 	-0.10 	1 
0.91 	0.01 	1 
0.93 	-0.12 	1 
0.92 	-0.10 	1 
0.89 	-0.10 	1 
0.84 	-0.04 	1 
0.94 	-0.08 	1 
0.91 	-0.09 	1 
0.99 	-0.03 	1 
0.86 	-0.05 	1 
0.93 	-0.13 	1 
0.91 	-0.09 	1 
0.87 	0.00 	1 
0.99 	-0.01 	1 
0.96 	-0.03 	1 
0.86 	0.00 	1 
0.90 	-0.09 	1 
0.89 	0.03 	1 
0.92 	-0.08 	1 
0.85 	-0.07 	1 
0.98 	-0.03 	1 
0.98 	-0.03 	1 
0.89 	-0.03 	1 
0.87 	-0.04 	1 
0.83 	-0.05 	1 
0.91 	-0.09 	1 
0.96 	-0.03 	1 
0.93 	-0.07 	1 
0.99 	-0.07 	1 
0.86 	-0.08 	1 
0.88 	-0.08 	1 
0.88 	-0.11 	1 
0.85 	-0.03 	1 
0.94 	-0.02 	1 
0.94 	-0.05 	1 
0.87 	-0.05 	1 
0.94 	-0.03 	1 
0.85 	-0.04 	1 
0.90 	-0.07 	1 
0.90 	-0.12 	1 
0.92 	0.03 	1 
0.86 	-0.07 	1 
0.96 	-0.02 	1 
0.94 	-0.04 	1 
0.89 	-0.02 	1 
0.98 	-0.03 	1 
0.98 	-0.03 	1 
0.88 	0.00 	1 
0.88 	-0.10 	1 
0.91 	-0.11 	1 
0.85 	-0.09 	1 
0.90 	0.01 	1 
0.90 	0.03 	1 
0.94 	-0.05 	1 
0.93 	-0.08 	1 
0.98 	-0.09 	1 
0.97 	-0.05 	1 
0.89 	-0.06 	1 
0.98 	-0.02 	1 
0.95 	-0.03 	1 
0.91 	-0.11 	1 
0.90 	-0.04 	1 
0.99 	-0.02 	1 
0.98 	-0.03 	1 
0.86 	-0.07 	1 
0.90 	-0.08 	1 
0.92 	-0.06 	1 
0.85 	-0.01 	1 
0.89 	-0.07 	1 
0.96 	-0.06 	1 
0.96 	-0.06 	1 
0.92 	-0.05 	1 
0.97 	-0.07 	1 
0.85 	-0.04 	1 
0.92 	-0.08 	1 
0.92 	0.00 	1 
0.98 	-0.09 	1 
0.87 	0.01 	1 
0.95 	-0.04 	1 
0.97 	-0.02 	1 
0.98 	-0.03 	1 
0.85 	0.00 	1 
0.91 	-0.09 	1 
0.92 	-0.01 	1 
0.95 	-0.01 	1 
0.95 	-0.03 	1 
0.93 	0.00 	1 
0.94 	-0.01 	1 
0.95 	-0.03 	1 
0.98 	-0.04 	1 
0.87 	-0.04 	1 
0.93 	-0.12 	1 
0.92 	-0.04 	1 
0.99 	-0.08 	1 
0.92 	0.03 	1 
0.86 	-0.02 	1 
0.89 	-0.04 	1 
0.96 	-0.04 	1 
0.89 	-0.04 	1 
0.96 	-0.10 	1 
0.94 	-0.02 	1 
0.89 	0.02 	1 
0.89 	-0.11 	1 
0.97 	0.00 	1 
0.90 	-0.04 	1 
0.87 	-0.06 	1 
0.96 	-0.03 	1 
0.97 	-0.08 	1 
0.89 	-0.09 	1 
0.95 	-0.09 	1 
0.92 	0.01 	1 
0.86 	-0.09 	1 
0.89 	-0.06 	1 
0.85 	-0.03 	1 
0.89 	-0.10 	1 
0.89 	-0.12 	1 
0.88 	-0.04 	1 
0.94 	-0.04 	1 
0.85 	-0.01 	1 
0.94 	-0.07 	1 
0.88 	-0.06 	1 
0.97 	-0.09 	1 
0.99 	-0.04 	1 
0.91 	0.03 	1 
0.84 	-0.06 	1 
0.86 	-0.06 	1 
0.85 	-0.01 	1 
0.89 	-0.06 	1 
0.94 	-0.07 	1 
0.93 	0.02 	1 
0.91 	-0.06 	1 
0.84 	-0.02 	1 
0.98 	-0.02 	1 
0.87 	-0.04 	1 
0.92 	-0.04 	1 
0.91 	-0.03 	1 
0.94 	-0.05 	1 
0.88 	-0.10 	1 
0.85 	-0.05 	1 
0.98 	0.00 	1 
0.94 	-0.09 	1 
0.97 	-0.08 	1 
0.94 	-0.07 	1 
0.87 	0.02 	1 
0.90 	0.01 	1 
0.96 	-0.06 	1 
0.96 	-0.04 	1 
0.89 	-0.12 	1 
0.91 	-0.02 	1 
0.88 	0.01 	1 
0.92 	-0.01 	1 
0.92 	-0.11 	1 
0.87 	0.02 	1 
0.88 	-0.07 	1 
0.89 	-0.09 	1 
0.90 	-0.05 	1 
0.96 	-0.05 	1 
0.95 	-0.09 	1 
0.94 	-0.12 	1 
0.93 	-0.07 	1 
0.99 	-0.03 	1 
0.95 	-0.04 	1 
0.98 	-0.03 	1 
0.88 	-0.01 	1 
0.89 	-0.01 	1 
0.94 	-0.11 	1 
0.93 	-0.01 	1 
0.96 	0.02 	1 
0.98 	-0.03 	1 
0.89 	-0.09 	1 
0.96 	0.01 	1 
0.92 	0.00 	1 
0.85 	-0.04 	1 
0.91 	-0.05 	1 
0.93 	-0.07 	1 
0.84 	-0.04 	1 
0.98 	0.00 	1 
0.97 	-0.10 	1 
0.98 	-0.03 	1 
0.94 	-0.09 	1 
0.91 	-0.05 	1 
0.88 	-0.03 	1 
0.94 	-0.02 	1 
0.84 	-0.05 	1 
0.91 	-0.13 	1 
0.85 	0.01 	1 
0.85 	-0.03 	1 
0.93 	-0.10 	1 
0.88 	-0.11 	1 
0.94 	-0.02 	1 
0.91 	-0.12 	1 
0.93 	-0.10 	1 
0.92 	-0.05 	1 
0.85 	-0.04 	1 
0.84 	-0.04 	1 
0.91 	0.02 	1 
0.99 	-0.06 	1 
0.95 	-0.08 	1 
0.98 	-0.08 	1 
0.91 	0.00 	1 
0.90 	-0.03 	1 
0.95 	-0.05 	1 
0.88 	-0.09 	1 
0.93 	0.03 	1 
0.86 	-0.08 	1 
0.91 	0.01 	1 
0.92 	-0.04 	1 
0.89 	-0.02 	1 
0.85 	-0.10 	1 
0.88 	-0.03 	1 
0.90 	-0.09 	1 
0.91 	-0.07 	1 
0.93 	-0.13 	1 
0.93 	-0.12 	1 
0.84 	-0.04 	1 
0.97 	-0.01 	1 
0.86 	-0.03 	1 
0.85 	-0.05 	1 
0.94 	-0.05 	1 
0.95 	-0.06 	1 
0.84 	-0.02 	1 
0.99 	-0.07 	1 
0.97 	-0.08 	1 
0.85 	-0.03 	1 
0.84 	-0.04 	1 
0.94 	-0.03 	1 
0.87 	-0.10 	1 
0.96 	-0.05 	1 
0.93 	-0.13 	1 
0.96 	0.02 	1 
0.96 	-0.10 	1 
0.98 	-0.02 	1 
0.97 	-0.06 	1 
0.93 	-0.08 	1 
0.86 	-0.02 	1 
0.85 	0.00 	1 
0.89 	-0.05 	1 
0.88 	-0.08 	1 
0.98 	0.01 	1 
0.97 	-0.10 	1 
0.87 	-0.09 	1 
0.90 	-0.09 	1 
0.98 	-0.01 	1 
0.90 	0.03 	1 
0.94 	0.00 	1 
0.92 	0.02 	1 
0.98 	-0.04 	1 
0.86 	-0.03 	1 
0.94 	0.01 	1 
0.85 	0.00 	1 
0.95 	-0.01 	1 
0.97 	-0.09 	1 
0.87 	-0.05 	1 
1.00 	-0.06 	1 
0.85 	-0.05 	1 
0.97 	-0.05 	1 
0.96 	-0.03 	1 
0.93 	0.02 	1 
0.84 	-0.03 	1 
0.89 	-0.05 	1 
0.86 	-0.04 	1 
0.89 	-0.03 	1 
0.97 	-0.02 	1 
0.97 	-0.01 	1 
0.98 	-0.02 	1 
0.90 	0.02 	1 
0.99 	-0.08 	1 
0.89 	-0.04 	1 
0.89 	-0.08 	1 
0.92 	-0.07 	1 
0.95 	-0.09 	1 
0.84 	-0.05 	1 
0.97 	-0.10 	1 
0.86 	-0.05 	1 
0.84 	-0.03 	1 
0.94 	0.01 	1 
0.92 	0.03 	1 
0.94 	-0.02 	1 
0.87 	-0.05 	1 
0.94 	0.01 	1 
0.95 	-0.09 	1 
0.91 	-0.11 	1 
0.94 	-0.11 	1 
0.85 	-0.08 	1 
0.91 	-0.04 	1 
0.87 	-0.07 	1 
0.85 	-0.08 	1 
0.86 	-0.01 	1 
0.92 	0.03 	1 
0.95 	-0.03 	1 
0.96 	0.01 	1 
0.89 	-0.04 	1 
0.93 	-0.04 	1 
0.90 	-0.03 	1 
0.88 	0.02 	1 
0.98 	-0.04 	1 
0.89 	0.02 	1 
0.99 	-0.02 	1 
0.86 	-0.03 	1 
0.87 	0.02 	1 
0.95 	-0.08 	1 
0.90 	-0.01 	1 
0.96 	0.00 	1 
0.94 	-0.09 	1 
0.93 	-0.01 	1 
0.91 	-0.10 	1 
0.91 	-0.07 	1 
0.88 	-0.04 	1 
0.92 	-0.04 	1 
0.91 	-0.08 	1 
0.91 	-0.08 	1 
0.84 	-0.08 	1 
0.95 	0.00 	1 
0.93 	-0.07 	1 
0.89 	-0.08 	1 
0.99 	-0.05 	1 
0.99 	-0.02 	1 
0.90 	-0.03 	1 
0.98 	-0.03 	1 
0.97 	-0.09 	1 
0.84 	-0.04 	1 
0.85 	-0.02 	1 
0.85 	-0.02 	1 
0.83 	-0.03 	1 
0.93 	-0.03 	1 
0.93 	-0.08 	1 
0.91 	-0.13 	1 
0.87 	-0.03 	1 
0.97 	-0.05 	1 
0.86 	-0.07 	1 
0.88 	-0.12 	1 
0.93 	-0.12 	1 
0.97 	-0.11 	1 
0.94 	-0.06 	1 
0.97 	-0.09 	1 
0.86 	-0.05 	1 
0.88 	-0.03 	1 
0.87 	-0.03 	1 
0.90 	0.00 	1 
0.96 	-0.05 	1 
0.89 	-0.12 	1 
0.90 	-0.03 	1 
0.90 	0.01 	1 
0.83 	-0.06 	1 
0.93 	-0.12 	1 
0.88 	0.01 	1 
0.89 	-0.07 	1 
0.92 	-0.01 	1 
0.87 	-0.10 	1 
0.93 	-0.06 	1 
0.91 	-0.04 	1 
0.95 	-0.11 	1 
0.86 	-0.03 	1 
0.88 	-0.04 	1 
0.97 	-0.08 	1 
0.92 	-0.09 	1 
0.92 	-0.11 	1 
0.94 	-0.04 	1 
0.97 	-0.53 	2 
0.93 	-0.61 	2 
0.89 	-0.61 	2 
0.83 	-0.55 	2 
0.85 	-0.51 	2 
0.94 	-0.63 	2 
0.92 	-0.54 	2 
0.88 	-0.48 	2 
0.90 	-0.60 	2 
0.97 	-0.57 	2 
0.87 	-0.53 	2 
0.94 	-0.55 	2 
0.91 	-0.50 	2 
0.88 	-0.55 	2 
0.97 	-0.56 	2 
0.88 	-0.55 	2 
0.86 	-0.61 	2 
0.95 	-0.50 	2 
0.91 	-0.63 	2 
0.93 	-0.51 	2 
0.87 	-0.53 	2 
0.92 	-0.48 	2 
0.84 	-0.56 	2 
0.86 	-0.61 	2 
0.86 	-0.60 	2 
0.86 	-0.54 	2 
0.87 	-0.59 	2 
0.90 	-0.60 	2 
0.97 	-0.60 	2 
0.85 	-0.57 	2 
0.94 	-0.60 	2 
0.92 	-0.48 	2 
0.88 	-0.55 	2 
0.92 	-0.49 	2 
0.92 	-0.50 	2 
0.84 	-0.59 	2 
0.88 	-0.54 	2 
0.95 	-0.48 	2 
0.85 	-0.52 	2 
0.87 	-0.50 	2 
0.89 	-0.53 	2 
0.87 	-0.58 	2 
0.93 	-0.59 	2 
0.91 	-0.59 	2 
0.89 	-0.57 	2 
0.90 	-0.54 	2 
0.86 	-0.51 	2 
0.99 	-0.58 	2 
0.84 	-0.57 	2 
0.99 	-0.56 	2 
0.95 	-0.58 	2 
0.85 	-0.57 	2 
0.91 	-0.53 	2 
0.96 	-0.55 	2 
0.94 	-0.50 	2 
0.93 	-0.55 	2 
0.91 	-0.48 	2 
0.99 	-0.58 	2 
0.83 	-0.57 	2 
0.94 	-0.48 	2 
0.88 	-0.56 	2 
0.93 	-0.57 	2 
0.89 	-0.58 	2 
0.89 	-0.51 	2 
0.86 	-0.50 	2 
0.87 	-0.57 	2 
0.97 	-0.59 	2 
0.96 	-0.54 	2 
0.93 	-0.50 	2 
0.93 	-0.58 	2 
0.87 	-0.59 	2 
0.97 	-0.61 	2 
0.86 	-0.61 	2 
0.88 	-0.53 	2 
0.96 	-0.53 	2 
0.87 	-0.52 	2 
0.90 	-0.52 	2 
0.91 	-0.47 	2 
0.93 	-0.58 	2 
0.89 	-0.49 	2 
0.96 	-0.53 	2 
0.95 	-0.58 	2 
0.90 	-0.63 	2 
0.91 	-0.56 	2 
0.93 	-0.55 	2 
0.89 	-0.56 	2 
0.88 	-0.52 	2 
0.83 	-0.57 	2 
0.99 	-0.57 	2 
0.95 	-0.48 	2 
0.96 	-0.58 	2 
0.90 	-0.60 	2 
0.96 	-0.52 	2 
0.96 	-0.50 	2 
0.84 	-0.53 	2 
0.96 	-0.48 	2 
0.91 	-0.63 	2 
0.95 	-0.59 	2 
0.98 	-0.59 	2 
0.92 	-0.61 	2 
0.95 	-0.49 	2 
0.88 	-0.53 	2 
0.90 	-0.55 	2 
0.90 	-0.53 	2 
0.90 	-0.63 	2 
0.90 	-0.49 	2 
0.86 	-0.61 	2 
0.96 	-0.49 	2 
0.90 	-0.59 	2 
0.94 	-0.48 	2 
0.88 	-0.55 	2 
0.91 	-0.59 	2 
0.87 	-0.60 	2 
0.84 	-0.56 	2 
0.89 	-0.55 	2 
0.90 	-0.58 	2 
0.92 	-0.63 	2 
0.94 	-0.56 	2 
0.99 	-0.56 	2 
0.92 	-0.62 	2 
0.85 	-0.59 	2 
0.89 	-0.52 	2 
0.92 	-0.63 	2 
0.90 	-0.49 	2 
0.91 	-0.55 	2 
0.95 	-0.48 	2 
0.93 	-0.60 	2 
0.97 	-0.58 	2 
0.92 	-0.63 	2 
0.92 	-0.54 	2 
0.93 	-0.56 	2 
0.87 	-0.53 	2 
0.96 	-0.57 	2 
0.88 	-0.56 	2 
0.88 	-0.52 	2 
0.94 	-0.58 	2 
0.88 	-0.59 	2 
0.84 	-0.56 	2 
0.91 	-0.55 	2 
0.91 	-0.59 	2 
0.89 	-0.54 	2 
0.93 	-0.52 	2 
0.88 	-0.51 	2 
0.91 	-0.55 	2 
0.85 	-0.56 	2 
0.87 	-0.54 	2 
0.95 	-0.58 	2 
0.93 	-0.63 	2 
0.89 	-0.53 	2 
0.92 	-0.63 	2 
0.94 	-0.52 	2 
0.86 	-0.51 	2 
0.88 	-0.56 	2 
0.87 	-0.54 	2 
0.91 	-0.61 	2 
0.90 	-0.59 	2 
0.92 	-0.49 	2 
0.91 	-0.50 	2 
0.98 	-0.51 	2 
0.93 	-0.59 	2 
0.93 	-0.48 	2 
0.91 	-0.52 	2 
0.94 	-0.56 	2 
0.96 	-0.52 	2 
0.90 	-0.57 	2 
0.95 	-0.60 	2 
0.87 	-0.58 	2 
0.86 	-0.55 	2 
0.86 	-0.61 	2 
0.96 	-0.56 	2 
0.89 	-0.54 	2 
0.94 	-0.56 	2 
0.98 	-0.61 	2 
0.93 	-0.58 	2 
0.89 	-0.63 	2 
0.91 	-0.59 	2 
0.93 	-0.47 	2 
0.88 	-0.56 	2 
0.89 	-0.62 	2 
0.84 	-0.53 	2 
0.90 	-0.60 	2 
0.91 	-0.47 	2 
0.89 	-0.57 	2 
0.90 	-0.50 	2 
0.85 	-0.58 	2 
0.94 	-0.49 	2 
0.87 	-0.51 	2 
0.92 	-0.62 	2 
0.94 	-0.62 	2 
0.95 	-0.60 	2 
0.87 	-0.57 	2 
0.88 	-0.56 	2 
0.86 	-0.61 	2 
0.96 	-0.59 	2 
0.94 	-0.53 	2 
0.98 	-0.57 	2 
0.90 	-0.61 	2 
0.90 	-0.50 	2 
0.91 	-0.53 	2 
0.94 	-0.52 	2 
0.88 	-0.48 	2 
0.89 	-0.58 	2 
0.91 	-0.47 	2 
0.86 	-0.52 	2 
0.88 	-0.63 	2 
0.84 	-0.58 	2 
0.92 	-0.55 	2 
0.91 	-0.60 	2 
0.89 	-0.61 	2 
0.89 	-0.57 	2 
0.93 	-0.56 	2 
0.95 	-0.50 	2 
0.97 	-0.50 	2 
0.92 	-0.47 	2 
0.97 	-0.60 	2 
0.87 	-0.59 	2 
0.99 	-0.53 	2 
0.95 	-0.62 	2 
0.90 	-0.56 	2 
0.96 	-0.53 	2 
0.87 	-0.56 	2 
0.90 	-0.52 	2 
0.94 	-0.47 	2 
0.98 	-0.56 	2 
0.90 	-0.62 	2 
0.93 	-0.60 	2 
0.91 	-0.49 	2 
0.94 	-0.60 	2 
0.96 	-0.53 	2 
0.90 	-0.53 	2 
0.97 	-0.53 	2 
0.89 	-0.55 	2 
0.97 	-0.52 	2 
0.96 	-0.50 	2 
0.87 	-0.54 	2 
1.00 	-0.55 	2 
0.96 	-0.61 	2 
0.86 	-0.61 	2 
0.95 	-0.50 	2 
0.86 	-0.61 	2 
0.85 	-0.57 	2 
0.86 	-0.52 	2 
0.93 	-0.54 	2 
0.88 	-0.50 	2 
0.97 	-0.58 	2 
0.93 	-0.60 	2 
0.88 	-0.58 	2 
0.86 	-0.57 	2 
0.88 	-0.49 	2 
0.92 	-0.59 	2 
0.88 	-0.49 	2 
0.97 	-0.59 	2 
0.93 	-0.53 	2 
0.93 	-0.57 	2 
0.88 	-0.58 	2 
0.89 	-0.56 	2 
0.91 	-0.61 	2 
0.89 	-0.57 	2 
0.95 	-0.55 	2 
0.87 	-0.51 	2 
0.94 	-0.49 	2 
0.96 	-0.59 	2 
0.84 	-0.55 	2 
0.95 	-0.59 	2 
0.88 	-0.58 	2 
0.97 	-0.51 	2 
0.98 	-0.55 	2 
0.88 	-0.55 	2 
0.89 	-0.53 	2 
0.99 	-0.55 	2 
0.88 	-0.59 	2 
0.96 	-0.50 	2 
0.93 	-0.52 	2 
0.88 	-0.62 	2 
0.90 	-0.57 	2 
0.93 	-0.56 	2 
0.92 	-0.57 	2 
0.87 	-0.59 	2 
0.85 	-0.57 	2 
0.87 	-0.51 	2 
0.92 	-0.64 	2 
0.90 	-0.55 	2 
0.94 	-0.63 	2 
0.99 	-0.59 	2 
0.99 	-0.56 	2 
0.85 	-0.55 	2 
0.86 	-0.59 	2 
0.96 	-0.57 	2 
0.87 	-0.54 	2 
0.88 	-0.61 	2 
0.92 	-0.47 	2 
0.87 	-0.58 	2 
0.97 	-0.52 	2 
0.85 	-0.54 	2 
0.98 	-0.53 	2 
0.97 	-0.57 	2 
0.94 	-0.63 	2 
0.99 	-0.53 	2 
0.93 	-0.57 	2 
0.95 	-0.55 	2 
0.85 	-0.50 	2 
0.85 	-0.56 	2 
0.89 	-0.57 	2 
0.94 	-0.50 	2 
0.84 	-0.54 	2 
0.90 	-0.52 	2 
0.84 	-0.54 	2 
0.89 	-0.54 	2 
0.97 	-0.56 	2 
0.91 	-0.61 	2 
0.93 	-0.56 	2 
0.92 	-0.60 	2 
0.85 	-0.56 	2 
0.84 	-0.58 	2 
0.95 	-0.62 	2 
0.90 	-0.60 	2 
0.95 	-0.60 	2 
0.87 	-0.48 	2 
0.85 	-0.57 	2 
0.88 	-0.54 	2 
0.99 	-0.54 	2 
0.97 	-0.55 	2 
0.86 	-0.61 	2 
0.88 	-0.54 	2 
0.92 	-0.63 	2 
0.90 	-0.61 	2 
0.91 	-0.54 	2 
0.85 	-0.50 	2 
0.97 	-0.61 	2 
0.91 	-0.55 	2 
0.89 	-0.63 	2 
0.94 	-0.50 	2 
0.94 	-0.59 	2 
0.91 	-0.61 	2 
0.91 	-0.48 	2 
0.85 	-0.54 	2 
0.91 	-0.60 	2 
0.87 	-0.57 	2 
0.90 	-0.63 	2 
0.88 	-0.48 	2 
0.96 	-0.49 	2 
0.94 	-0.56 	2 
0.85 	-0.51 	2 
0.93 	-0.57 	2 
0.87 	-0.57 	2 
0.91 	-0.64 	2 
0.93 	-0.63 	2 
0.96 	-0.61 	2 
0.84 	-0.57 	2 
0.87 	-0.61 	2 
0.99 	-0.53 	2 
0.92 	-0.57 	2 
0.84 	-0.57 	2 
0.96 	-0.56 	2 
0.88 	-0.48 	2 
0.92 	-0.57 	2 
0.96 	-0.58 	2 
0.91 	-0.58 	2 
0.92 	-0.47 	2 
0.94 	-0.56 	2 
0.90 	-0.49 	2 
0.87 	-0.54 	2 
0.90 	-0.55 	2 
0.90 	-0.60 	2 
0.91 	-0.51 	2 
0.98 	-0.50 	2 
0.84 	-0.52 	2 
0.87 	-0.50 	2 
0.97 	-0.59 	2 
0.97 	-0.51 	2 
0.88 	-0.48 	2 
0.88 	-0.50 	2 
0.96 	-0.58 	2 
0.87 	-0.60 	2 
0.95 	-0.62 	2 
0.97 	-0.51 	2 
0.86 	-0.59 	2 
0.90 	-0.55 	2 
0.98 	-0.53 	2 
0.93 	-0.51 	2 
0.89 	-0.57 	2 
0.86 	-0.51 	2 
0.89 	-0.62 	2 
0.98 	-0.55 	2 
0.89 	-0.56 	2 
0.99 	-0.58 	2 
0.91 	-0.56 	2 
0.95 	-0.49 	2 
0.88 	-0.51 	2 
0.91 	-0.54 	2 
0.94 	-0.48 	2 
0.88 	-0.55 	2 
0.94 	-0.49 	2 
0.84 	-0.58 	2 
0.95 	-0.57 	2 
0.91 	-0.59 	2 
0.85 	-0.53 	2 
0.96 	-0.50 	2 
0.92 	-0.51 	2 
0.95 	-0.55 	2 
-0.23 	0.91 	3 
-0.66 	0.76 	3 
-0.18 	0.75 	3 
-0.23 	0.85 	3 
-0.54 	0.76 	3 
-0.80 	0.95 	3 
-0.36 	0.98 	3 
-0.68 	0.67 	3 
-0.39 	0.67 	3 
-0.82 	0.66 	3 
-0.78 	0.78 	3 
-0.24 	0.90 	3 
-0.51 	0.73 	3 
-0.73 	0.73 	3 
-0.68 	0.80 	3 
-0.66 	0.67 	3 
-0.32 	0.65 	3 
-0.19 	0.72 	3 
-0.42 	0.61 	3 
-0.31 	0.68 	3 
-0.75 	0.63 	3 
-0.46 	0.90 	3 
-0.54 	0.88 	3 
-0.89 	0.82 	3 
-0.57 	0.69 	3 
-0.53 	0.94 	3 
-0.60 	0.87 	3 
-0.51 	0.73 	3 
-0.65 	0.84 	3 
-0.52 	0.90 	3 
-0.76 	0.73 	3 
-0.36 	0.80 	3 
-1.00 	0.81 	3 
-0.40 	0.64 	3 
-0.35 	0.89 	3 
-0.71 	0.79 	3 
-0.79 	0.76 	3 
-0.80 	0.86 	3 
-0.30 	0.72 	3 
-0.60 	0.69 	3 
-0.88 	0.75 	3 
-0.99 	0.79 	3 
-0.25 	0.74 	3 
-0.54 	0.65 	3 
-0.57 	0.93 	3 
-0.64 	0.72 	3 
-0.96 	0.87 	3 
-0.95 	0.79 	3 
-0.62 	0.78 	3 
-0.81 	0.81 	3 
-0.20 	0.82 	3 
-0.52 	0.61 	3 
-0.24 	0.71 	3 
-0.14 	0.73 	3 
-0.60 	0.64 	3 
-0.57 	0.76 	3 
-0.82 	0.88 	3 
-0.14 	0.81 	3 
-0.35 	0.83 	3 
-0.81 	0.93 	3 
-0.48 	0.90 	3 
-0.70 	0.66 	3 
-0.97 	0.81 	3 
-0.35 	0.91 	3 
-0.42 	0.74 	3 
-0.31 	0.64 	3 
-0.49 	0.90 	3 
-0.53 	0.64 	3 
-0.41 	0.91 	3 
-0.48 	0.99 	3 
-0.36 	0.70 	3 
-0.26 	0.89 	3 
-0.37 	0.71 	3 
-0.79 	0.78 	3 
-0.16 	0.72 	3 
-0.56 	0.93 	3 
-0.42 	0.80 	3 
-0.40 	0.66 	3 
-0.31 	0.88 	3 
-0.97 	0.82 	3 
-0.21 	0.84 	3 
-0.66 	0.70 	3 
-0.55 	0.65 	3 
-0.68 	0.83 	3 
-0.72 	0.94 	3 
-0.46 	0.83 	3 
-0.17 	0.80 	3 
-0.88 	0.74 	3 
-0.48 	0.97 	3 
-0.21 	0.79 	3 
-0.69 	0.96 	3 
-0.43 	0.71 	3 
-0.85 	0.79 	3 
-0.82 	0.79 	3 
-0.65 	0.96 	3 
-0.22 	0.90 	3 
-0.79 	0.71 	3 
-0.62 	0.75 	3 
-0.23 	0.74 	3 
-0.15 	0.79 	3 
-0.44 	0.90 	3 
-0.14 	0.88 	3 
-0.65 	0.86 	3 
-0.51 	0.64 	3 
-0.46 	0.89 	3 
-0.47 	0.79 	3 
-0.96 	0.79 	3 
-0.45 	0.72 	3 
-0.79 	0.88 	3 
-0.49 	0.77 	3 
-0.90 	0.92 	3 
-0.80 	0.89 	3 
-0.41 	0.76 	3 
-0.30 	0.88 	3 
-0.21 	0.77 	3 
-0.43 	0.71 	3 
-0.70 	0.94 	3 
-0.16 	0.83 	3 
-0.95 	0.85 	3 
-0.69 	0.96 	3 
-0.80 	0.95 	3 
-0.61 	0.75 	3 
-0.89 	0.86 	3 
-0.56 	0.97 	3 
-0.85 	0.89 	3 
-0.90 	0.84 	3 
-0.53 	0.94 	3 
-0.49 	0.76 	3 
-0.75 	0.65 	3 
-0.32 	0.84 	3 
-0.67 	0.78 	3 
-0.49 	0.67 	3 
-0.18 	0.84 	3 
-0.64 	0.69 	3 
-0.62 	0.64 	3 
-0.78 	0.94 	3 
-0.48 	0.62 	3 
-0.52 	0.69 	3 
-0.49 	0.61 	3 
-0.36 	0.83 	3 
-0.47 	0.95 	3 
-0.57 	0.72 	3 
-0.44 	0.92 	3 
-0.55 	0.62 	3 
-0.78 	0.73 	3 
-0.64 	0.74 	3 
-0.55 	0.69 	3 
-0.22 	0.71 	3 
-0.35 	0.68 	3 
-0.29 	0.96 	3 
-0.24 	0.92 	3 
-0.56 	0.63 	3 
-0.66 	0.68 	3 
-0.71 	0.97 	3 
-0.46 	0.74 	3 
-0.56 	0.97 	3 
-0.79 	0.67 	3 
-0.41 	0.90 	3 
-0.75 	0.63 	3 
-0.28 	0.89 	3 
-0.59 	0.79 	3 
-0.38 	0.78 	3 
-0.78 	0.65 	3 
-0.78 	0.88 	3 
-0.83 	0.72 	3 
-0.84 	0.66 	3 
-0.42 	0.86 	3 
-0.66 	0.71 	3 
-0.64 	0.74 	3 
-0.61 	0.89 	3 
-0.26 	0.92 	3 
-0.31 	0.68 	3 
-0.83 	0.82 	3 
-0.21 	0.88 	3 
-0.92 	0.88 	3 
-0.73 	0.74 	3 
-0.16 	0.78 	3 
-0.59 	0.84 	3 
-0.68 	0.80 	3 
-0.28 	0.90 	3 
-0.26 	0.67 	3 
-0.32 	0.77 	3 
-0.24 	0.74 	3 
-0.75 	0.86 	3 
-0.53 	0.63 	3 
-0.72 	0.89 	3 
-0.43 	0.81 	3 
-0.69 	0.88 	3 
-0.44 	0.80 	3 
-0.63 	0.62 	3 
-0.73 	0.77 	3 
-0.80 	0.81 	3 
-0.61 	0.90 	3 
-0.70 	0.66 	3 
-0.16 	0.88 	3 
-0.92 	0.86 	3 
-0.88 	0.93 	3 
-0.65 	0.68 	3 
-0.77 	0.73 	3 
-0.95 	0.77 	3 
-0.51 	0.68 	3 
-0.11 	0.78 	3 
-0.15 	0.77 	3 
-0.82 	0.76 	3 
-0.49 	0.94 	3 
-0.39 	0.80 	3 
-0.51 	0.80 	3 
-0.57 	0.89 	3 
-0.82 	0.79 	3 
-0.32 	0.66 	3 
-0.71 	0.72 	3 
-0.21 	0.72 	3 
-0.46 	0.64 	3 
-0.97 	0.81 	3 
-0.54 	0.98 	3 
-1.00 	0.80 	3 
-0.25 	0.85 	3 
-0.68 	0.75 	3 
-0.74 	0.63 	3 
-0.90 	0.90 	3 
-0.81 	0.77 	3 
-0.55 	0.72 	3 
-0.28 	0.69 	3 
-0.21 	0.90 	3 
-0.20 	0.72 	3 
-0.44 	0.77 	3 
-0.30 	0.97 	3 
-0.71 	0.80 	3 
-0.26 	0.84 	3 
-0.46 	0.66 	3 
-0.37 	0.85 	3 
-0.47 	0.95 	3 
-0.67 	0.82 	3 
-0.20 	0.69 	3 
-0.66 	0.93 	3 
-0.66 	0.95 	3 
-0.42 	0.70 	3 
-0.82 	0.66 	3 
-0.42 	0.98 	3 
-0.46 	0.64 	3 
-0.24 	0.80 	3 
-0.24 	0.91 	3 
-0.76 	0.92 	3 
-0.27 	0.88 	3 
-0.72 	0.66 	3 
-0.81 	0.85 	3 
-0.74 	0.77 	3 
-0.46 	0.64 	3 
-0.69 	0.67 	3 
-0.58 	0.66 	3 
-0.76 	0.68 	3 
-0.83 	0.87 	3 
-0.50 	0.60 	3 
-0.55 	0.82 	3 
-0.84 	0.82 	3 
-0.62 	0.98 	3 
-0.58 	0.60 	3 
-0.45 	0.78 	3 
-0.46 	0.61 	3 
-0.59 	0.60 	3 
-0.53 	0.62 	3 
-0.78 	0.63 	3 
-0.58 	0.78 	3 
-0.89 	0.76 	3 
-0.35 	0.91 	3 
-0.25 	0.66 	3 
-0.31 	0.64 	3 
-0.90 	0.84 	3 
-0.47 	0.87 	3 
-0.80 	0.77 	3 
-0.28 	0.81 	3 
-0.71 	0.83 	3 
-0.85 	0.69 	3 
-0.58 	0.74 	3 
-0.52 	0.64 	3 
-0.96 	0.79 	3 
-0.77 	0.68 	3 
-0.54 	0.92 	3 
-0.66 	0.72 	3 
-1.00 	0.82 	3 
-0.63 	0.93 	3 
-0.33 	0.87 	3 
-0.68 	0.82 	3 
-0.41 	0.88 	3 
-0.31 	0.92 	3 
-0.97 	0.79 	3 
-0.74 	0.81 	3 
-0.82 	0.74 	3 
-0.34 	0.69 	3 
-0.95 	0.83 	3 
-0.24 	0.71 	3 
-0.47 	0.71 	3 
-0.77 	0.75 	3 
-0.51 	0.88 	3 
-0.78 	0.90 	3 
-0.27 	0.93 	3 
-0.27 	0.95 	3 
-0.38 	0.81 	3 
-0.38 	0.76 	3 
-0.45 	0.93 	3 
-0.47 	0.77 	3 
-0.68 	0.83 	3 
-0.32 	0.85 	3 
-0.52 	0.94 	3 
-0.49 	0.67 	3 
-0.25 	0.80 	3 
-0.47 	0.65 	3 
-0.64 	0.79 	3 
-0.95 	0.85 	3 
-0.34 	0.81 	3 
-0.12 	0.77 	3 
-0.23 	0.89 	3 
-0.37 	0.67 	3 
-0.88 	0.72 	3 
-0.94 	0.90 	3 
-0.39 	0.81 	3 
-0.55 	0.92 	3 
-0.85 	0.70 	3 
-0.93 	0.76 	3 
-0.80 	0.73 	3 
-0.20 	0.70 	3 
-0.76 	0.67 	3 
-0.49 	0.88 	3 
-0.64 	0.83 	3 
-0.14 	0.80 	3 
-0.90 	0.85 	3 
-0.56 	0.88 	3 
-0.51 	0.71 	3 
-0.36 	0.92 	3 
-0.58 	0.61 	3 
-0.26 	0.77 	3 
-0.56 	0.64 	3 
-0.27 	0.82 	3 
-0.77 	0.87 	3 
-0.86 	0.88 	3 
-0.94 	0.79 	3 
-0.73 	0.81 	3 
-0.56 	0.63 	3 
-0.21 	0.74 	3 
-0.88 	0.70 	3 
-0.89 	0.86 	3 
-0.26 	0.77 	3 
-0.74 	0.98 	3 
-0.70 	0.84 	3 
-0.35 	0.93 	3 
-0.40 	0.81 	3 
-0.60 	0.76 	3 
-0.14 	0.75 	3 
-0.82 	0.73 	3 
-0.53 	0.61 	3 
-0.27 	0.74 	3 
-0.67 	0.96 	3 
-0.74 	0.79 	3 
-0.82 	0.72 	3 
-0.51 	0.78 	3 
-0.45 	0.75 	3 
-0.38 	0.95 	3 
-0.21 	0.72 	3 
-0.13 	0.76 	3 
-0.74 	0.69 	3 
-0.50 	0.65 	3 
-0.62 	0.98 	3 
-0.61 	0.77 	3 
-0.39 	0.94 	3 
-0.20 	0.71 	3 
-0.38 	0.85 	3 
-0.78 	0.83 	3 
-0.80 	0.69 	3 
-0.36 	0.83 	3 
-0.36 	0.64 	3 
-0.20 	0.78 	3 
-0.32 	0.87 	3 
-0.35 	0.62 	3 
-0.61 	0.85 	3 
-0.44 	0.83 	3 
-0.91 	0.87 	3 
-0.57 	0.86 	3 
-0.21 	0.80 	3 
-0.31 	0.80 	3 
-0.93 	0.88 	3 
-0.51 	0.96 	3 
-0.95 	0.76 	3 
-0.57 	0.89 	3 
-0.58 	0.67 	3 
-0.44 	0.84 	3 
-0.95 	0.78 	3 
-0.81 	0.87 	3 
-0.33 	0.89 	3 
-0.91 	0.86 	3 
-0.59 	0.70 	3 
-0.87 	0.94 	3 
-0.62 	0.94 	3 
-0.37 	0.82 	3 
-0.44 	0.83 	3 
-0.96 	0.77 	3 
-0.72 	0.82 	3 
-0.13 	0.79 	3 
-0.51 	0.73 	3 
-0.41 	0.76 	3 
-0.90 	0.92 	3 
-0.27 	0.84 	3 
-0.30 	0.95 	3 
-0.36 	0.65 	3 
-0.19 	0.88 	3 
-0.44 	0.62 	3 
-0.94 	0.72 	3 
-0.33 	0.67 	3 
-0.23 	0.79 	3 
-0.62 	0.88 	3 
-0.83 	0.67 	3 
-0.49 	0.67 	3 
-0.14 	0.85 	3 
-0.74 	0.64 	3 
-0.61 	0.90 	3 
-0.42 	0.81 	3 
-0.76 	0.77 	3 
-0.55 	0.66 	3 
-0.38 	0.91 	3 
-0.85 	0.87 	3 
-0.50 	0.64 	3 
-0.39 	0.83 	3 
-0.23 	0.90 	3 
-0.65 	0.96 	3 
-0.62 	0.89 	3 
-0.48 	0.86 	3 
-0.45 	0.68 	3 
-0.12 	0.84 	3 
-0.26 	0.82 	3 
-0.27 	0.89 	3 
-0.26 	0.72 	3 
-0.60 	0.92 	3 
-0.60 	0.62 	3 
-0.72 	0.63 	3 
-0.73 	0.79 	3 
-0.31 	0.91 	3 
-0.37 	0.89 	3 
-0.79 	0.89 	3 
-0.21 	0.84 	3 
-0.42 	0.84 	3 
-0.67 	0.68 	3 
-0.61 	0.91 	3 
-0.77 	0.94 	3 
-0.33 	0.93 	3 
-0.27 	0.91 	3 
-0.99 	0.79 	3 
-0.61 	0.86 	3 
-0.56 	0.79 	3 
-0.49 	0.79 	3 
-0.74 	0.90 	3 
-0.65 	0.79 	3 
-0.53 	0.95 	3 
-0.75 	0.96 	3 
-0.91 	0.75 	3 
-0.64 	0.84 	3 
-0.37 	0.98 	3 
-0.56 	0.65 	3 
-0.20 	0.73 	3 
-0.27 	0.68 	3 
-0.75 	0.74 	3 
-0.54 	0.65 	3 
-0.86 	0.77 	3 
-0.20 	0.91 	3 
-0.64 	0.63 	3 
-0.54 	0.75 	3 
-0.91 	0.90 	3 
-0.45 	0.91 	3 
-0.24 	0.92 	3 
-0.32 	0.81 	3 
-0.30 	0.84 	3 
-0.29 	0.96 	3 
-0.43 	0.75 	3 
-0.44 	0.95 	3 
-0.19 	0.90 	3 
-0.30 	0.84 	3 
-0.89 	0.91 	3 
-0.79 	0.85 	3 
-0.96 	0.88 	3 
-0.46 	0.83 	3 
-0.62 	0.75 	3 
-0.40 	0.72 	3 
-0.46 	0.64 	3 
-0.52 	0.68 	3 
-0.44 	0.85 	3 
-0.53 	0.84 	3 
-0.41 	0.80 	3 
-0.58 	0.72 	3 
-0.39 	0.62 	3 
-0.54 	0.81 	3 
-0.96 	0.77 	3 
-0.94 	0.71 	3 
-0.45 	0.64 	3 
-0.35 	0.67 	3 
-0.68 	0.86 	3 
-0.74 	0.86 	3 
-0.51 	0.88 	3 
-0.32 	0.80 	3 
-0.87 	0.88 	3 
-0.56 	0.79 	3 
-0.60 	0.70 	3 
-0.59 	0.86 	3 
-0.50 	0.97 	3 
-0.77 	0.84 	3 
-0.73 	0.95 	3 
-0.59 	0.97 	3 
-0.90 	0.71 	3 
-0.45 	0.93 	3 
-0.17 	0.89 	3 
-0.98 	0.76 	3 
-0.83 	0.76 	3 
-0.47 	0.80 	3 
-0.23 	0.83 	3 
-0.64 	0.99 	3 
-0.17 	0.88 	3 
-0.86 	0.85 	3 
-0.61 	0.82 	3 
-0.38 	0.91 	3 
-0.64 	0.95 	3 
-0.55 	0.95 	3 
-0.36 	0.69 	3 
-0.15 	0.83 	3 
-0.86 	0.67 	3 
-0.43 	0.75 	3 
-0.56 	0.94 	3 
-0.17 	0.91 	3 
-0.37 	0.63 	3 
-0.42 	0.94 	3 
-0.23 	0.85 	3 
-0.30 	0.67 	3 
-0.38 	0.64 	3 
-0.34 	0.78 	3 
-0.76 	0.93 	3 
-0.15 	0.87 	3 
-0.23 	0.90 	3 
-0.67 	0.82 	3 
-0.27 	0.95 	3 
-0.66 	0.84 	3 
-0.77 	0.95 	3 
-0.85 	0.74 	3 
-0.94 	0.86 	3 
-0.27 	0.72 	3 
-0.69 	0.78 	3 
-0.33 	0.84 	3 
-0.76 	0.91 	3 
-0.48 	0.66 	3 
-0.40 	0.67 	3 
-0.66 	0.61 	3 
-0.73 	0.76 	3 
-0.13 	0.79 	3 
-0.72 	0.91 	3 
-0.71 	0.68 	3 
-0.58 	0.89 	3 
-0.75 	0.96 	3 
-0.46 	0.61 	3 
-0.90 	0.85 	3 
-0.76 	0.90 	3 
-0.77 	0.80 	3 
-0.54 	0.70 	3 
-0.17 	0.82 	3 
-0.54 	0.99 	3 
-0.83 	0.75 	3 
-0.39 	0.69 	3 
-0.78 	0.83 	3 
-0.35 	0.65 	3 
-0.75 	0.68 	3 
-0.45 	0.84 	3 
-0.41 	0.65 	3 
-0.29 	0.85 	3 
-0.95 	0.87 	3 
-0.83 	0.78 	3 
-0.21 	0.70 	3 
-0.70 	0.64 	3 
-0.83 	0.91 	3 
-0.62 	0.72 	3 
-0.49 	0.69 	3 
-0.69 	0.81 	3 
-0.67 	0.74 	3 
-0.73 	0.87 	3 
-0.67 	0.74 	3 
-0.31 	0.66 	3 
-0.69 	0.79 	3 
-0.15 	0.72 	3 
-0.71 	0.83 	3 
-0.67 	0.78 	3 
-0.82 	0.80 	3 
-0.71 	0.90 	3 
-0.36 	0.72 	3 
-0.42 	0.67 	3 
-0.45 	0.80 	3 
-0.54 	0.72 	3 
-0.40 	0.70 	3 
-0.36 	0.70 	3 
-0.68 	0.77 	3 
-0.92 	0.76 	3 
-0.30 	0.94 	3 
-0.74 	0.86 	3 
-0.26 	0.68 	3 
-0.53 	0.80 	3 
-0.23 	0.69 	3 
-0.30 	0.91 	3 
-0.45 	0.74 	3 
0.61 	0.97 	4 
0.14 	0.83 	4 
0.95 	0.88 	4 
0.31 	0.68 	4 
0.29 	0.77 	4 
0.33 	0.63 	4 
0.60 	0.94 	4 
0.46 	0.88 	4 
0.22 	0.75 	4 
0.76 	0.93 	4 
0.93 	0.73 	4 
0.57 	0.80 	4 
0.16 	0.88 	4 
0.47 	0.91 	4 
0.32 	0.85 	4 
0.65 	0.64 	4 
0.26 	0.92 	4 
0.34 	0.81 	4 
0.98 	0.81 	4 
0.55 	0.66 	4 
0.52 	0.62 	4 
0.37 	0.71 	4 
0.85 	0.74 	4 
0.29 	0.82 	4 
0.54 	0.99 	4 
0.76 	0.68 	4 
0.32 	0.82 	4 
0.62 	0.62 	4 
0.71 	0.80 	4 
0.59 	0.74 	4 
0.73 	0.66 	4 
0.39 	0.94 	4 
0.50 	0.71 	4 
0.35 	0.77 	4 
0.93 	0.90 	4 
0.80 	0.80 	4 
0.36 	0.62 	4 
0.52 	0.69 	4 
0.54 	0.80 	4 
0.52 	0.86 	4 
0.79 	0.71 	4 
0.45 	0.88 	4 
0.82 	0.71 	4 
0.70 	0.66 	4 
0.75 	0.96 	4 
0.86 	0.74 	4 
0.78 	0.88 	4 
0.96 	0.78 	4 
0.46 	0.63 	4 
0.57 	0.92 	4 
0.68 	0.92 	4 
0.82 	0.91 	4 
0.84 	0.79 	4 
0.41 	0.75 	4 
0.53 	0.97 	4 
0.51 	1.00 	4 
0.39 	0.83 	4 
0.87 	0.67 	4 
0.31 	0.88 	4 
0.91 	0.82 	4 
0.93 	0.83 	4 
0.24 	0.76 	4 
0.32 	0.85 	4 
0.60 	0.81 	4 
0.76 	0.70 	4 
0.39 	0.90 	4 
0.48 	0.85 	4 
0.59 	0.73 	4 
0.37 	0.82 	4 
0.11 	0.84 	4 
0.19 	0.83 	4 
0.32 	0.81 	4 
0.61 	0.70 	4 
0.41 	0.65 	4 
0.56 	1.00 	4 
0.43 	0.82 	4 
0.70 	0.66 	4 
0.57 	0.79 	4 
0.51 	0.83 	4 
0.73 	0.63 	4 
0.79 	0.89 	4 
0.76 	0.70 	4 
0.76 	0.79 	4 
0.78 	0.74 	4 
0.23 	0.66 	4 
0.71 	0.89 	4 
0.36 	0.93 	4 
0.82 	0.87 	4 
0.32 	0.81 	4 
0.74 	0.85 	4 
0.75 	0.71 	4 
0.46 	0.91 	4 
0.91 	0.69 	4 
0.18 	0.81 	4 
0.58 	0.64 	4 
0.24 	0.71 	4 
0.81 	0.66 	4 
0.13 	0.74 	4 
0.63 	0.61 	4 
0.84 	0.71 	4 
0.31 	0.73 	4 
0.49 	0.70 	4 
0.61 	0.99 	4 
0.23 	0.68 	4 
0.61 	0.66 	4 
0.40 	0.65 	4 
0.25 	0.82 	4 
0.52 	0.74 	4 
0.93 	0.86 	4 
0.15 	0.71 	4 
0.97 	0.83 	4 
0.28 	0.75 	4 
0.80 	0.79 	4 
0.35 	0.68 	4 
0.41 	0.75 	4 
0.78 	0.84 	4 
0.58 	0.91 	4 
0.75 	0.78 	4 
0.24 	0.78 	4 
0.89 	0.67 	4 
0.81 	0.76 	4 
0.94 	0.86 	4 
0.43 	0.97 	4 
0.18 	0.89 	4 
0.49 	0.91 	4 
0.90 	0.75 	4 
0.32 	0.68 	4 
0.69 	0.86 	4 
0.14 	0.80 	4 
0.40 	0.86 	4 
0.36 	0.63 	4 
0.69 	0.69 	4 
0.83 	0.78 	4 
0.69 	0.77 	4 
0.70 	0.67 	4 
0.59 	0.73 	4 
0.74 	0.75 	4 
0.41 	0.90 	4 
0.90 	0.82 	4 
0.55 	0.87 	4 
0.53 	0.80 	4 
0.28 	0.90 	4 
0.74 	0.72 	4 
0.93 	0.84 	4 
0.63 	0.73 	4 
0.16 	0.73 	4 
0.52 	0.99 	4 
0.39 	0.96 	4 
0.96 	0.83 	4 
0.69 	0.88 	4 
0.43 	0.77 	4 
0.48 	0.85 	4 
0.50 	0.65 	4 
0.43 	0.62 	4 
0.39 	0.69 	4 
0.49 	0.76 	4 
0.88 	0.71 	4 
0.60 	0.78 	4 
0.27 	0.90 	4 
0.67 	0.79 	4 
0.34 	0.93 	4 
0.82 	0.85 	4 
0.34 	0.66 	4 
0.20 	0.82 	4 
0.84 	0.70 	4 
0.49 	0.70 	4 
0.68 	0.85 	4 
0.22 	0.89 	4 
0.23 	0.69 	4 
0.95 	0.76 	4 
0.32 	0.75 	4 
0.87 	0.86 	4 
0.46 	0.81 	4 
0.77 	0.95 	4 
0.43 	0.62 	4 
0.17 	0.79 	4 
0.62 	1.00 	4 
0.78 	0.82 	4 
0.48 	0.64 	4 
0.32 	0.94 	4 
0.52 	0.91 	4 
0.51 	0.98 	4 
0.47 	0.77 	4 
0.51 	0.95 	4 
0.53 	0.91 	4 
0.54 	0.72 	4 
0.77 	0.83 	4 
0.82 	0.75 	4 
0.37 	0.71 	4 
0.11 	0.83 	4 
0.30 	0.97 	4 
0.95 	0.76 	4 
0.33 	0.91 	4 
0.95 	0.87 	4 
0.31 	0.64 	4 
0.64 	0.62 	4 
0.77 	0.83 	4 
0.47 	0.83 	4 
0.73 	0.98 	4 
0.46 	0.99 	4 
0.39 	0.86 	4 
0.72 	0.83 	4 
0.28 	0.95 	4 
0.74 	0.68 	4 
0.87 	0.79 	4 
0.95 	0.82 	4 
0.51 	0.89 	4 
0.52 	0.86 	4 
0.84 	0.79 	4 
0.15 	0.75 	4 
0.20 	0.86 	4 
0.55 	0.79 	4 
0.47 	0.72 	4 
0.34 	0.83 	4 
0.67 	0.94 	4 
0.63 	0.61 	4 
0.51 	0.84 	4 
0.64 	0.99 	4 
0.87 	0.94 	4 
0.36 	0.69 	4 
0.73 	0.98 	4 
0.44 	0.79 	4 
0.60 	0.65 	4 
0.38 	0.63 	4 
0.60 	0.74 	4 
0.55 	0.77 	4 
0.60 	0.65 	4 
0.84 	0.71 	4 
0.60 	0.82 	4 
0.23 	0.75 	4 
0.20 	0.92 	4 
0.96 	0.85 	4 
0.47 	0.68 	4 
0.49 	0.95 	4 
0.51 	0.84 	4 
0.31 	0.73 	4 
0.35 	0.97 	4 
0.82 	0.76 	4 
0.74 	0.81 	4 
0.74 	0.74 	4 
0.49 	0.71 	4 
0.71 	0.97 	4 
0.57 	0.95 	4 
0.74 	0.76 	4 
0.29 	0.83 	4 
0.35 	0.68 	4 
0.33 	0.94 	4 
0.78 	0.78 	4 
0.31 	0.93 	4 
0.53 	0.92 	4 
0.88 	0.72 	4 
0.33 	0.93 	4 
0.50 	0.92 	4 
0.17 	0.81 	4 
0.62 	0.65 	4 
0.17 	0.87 	4 
0.78 	0.82 	4 
0.40 	0.72 	4 
0.44 	0.83 	4 
0.93 	0.85 	4 
0.57 	0.98 	4 
0.59 	0.66 	4 
0.27 	0.93 	4 
0.77 	0.75 	4 
0.81 	0.75 	4 
0.27 	0.94 	4 
0.42 	0.66 	4 
0.95 	0.79 	4 
0.65 	0.91 	4 
0.55 	0.79 	4 
0.24 	0.82 	4 
0.18 	0.79 	4 
0.83 	0.90 	4 
0.77 	0.79 	4 
0.20 	0.70 	4 
0.91 	0.73 	4 
0.49 	0.79 	4 
0.29 	0.82 	4 
0.63 	0.85 	4 
0.68 	0.81 	4 
0.53 	0.71 	4 
0.17 	0.72 	4 
0.44 	0.79 	4 
0.52 	0.89 	4 
0.56 	0.82 	4 
0.17 	0.72 	4 
0.45 	0.87 	4 
0.67 	0.94 	4 
0.46 	0.96 	4 
0.94 	0.79 	4 
0.89 	0.92 	4 
0.45 	0.69 	4 
0.55 	0.89 	4 
0.75 	0.64 	4 
0.29 	0.76 	4 
0.59 	0.79 	4 
0.68 	0.89 	4 
0.82 	0.65 	4 
0.60 	0.84 	4 
0.40 	0.69 	4 
0.32 	0.89 	4 
0.48 	0.79 	4 
0.64 	0.72 	4 
0.82 	0.92 	4 
0.51 	0.95 	4 
0.33 	0.92 	4 
0.54 	0.74 	4 
0.88 	0.85 	4 
0.67 	0.62 	4 
0.60 	0.67 	4 
0.90 	0.76 	4 
0.60 	0.88 	4 
0.40 	0.79 	4 
0.29 	0.69 	4 
0.86 	0.79 	4 
0.47 	0.78 	4 
0.53 	0.67 	4 
0.56 	0.70 	4 
0.21 	0.93 	4 
0.55 	0.68 	4 
0.82 	0.86 	4 
0.72 	0.73 	4 
0.37 	0.70 	4 
0.32 	0.68 	4 
0.56 	0.71 	4 
0.30 	0.94 	4 
0.29 	0.91 	4 
0.46 	0.62 	4 
0.25 	0.82 	4 
0.41 	0.75 	4 
0.12 	0.77 	4 
0.90 	0.70 	4 
0.21 	0.92 	4 
0.96 	0.79 	4 
0.25 	0.69 	4 
0.47 	0.89 	4 
0.25 	0.79 	4 
0.90 	0.69 	4 
0.71 	0.98 	4 
0.86 	0.82 	4 
0.37 	0.63 	4 
0.43 	0.86 	4 
0.74 	0.97 	4 
0.55 	0.93 	4 
0.36 	0.71 	4 
0.40 	0.85 	4 
0.17 	0.77 	4 
0.72 	0.70 	4 
0.68 	0.83 	4 
0.48 	0.66 	4 
0.51 	0.65 	4 
0.85 	0.88 	4 
0.21 	0.83 	4 
0.41 	0.69 	4 
0.31 	0.96 	4 
0.84 	0.67 	4 
0.29 	0.91 	4 
0.70 	0.76 	4 
0.26 	0.66 	4 
0.36 	0.79 	4 
0.49 	0.65 	4 
0.15 	0.84 	4 
0.93 	0.80 	4 
0.60 	0.64 	4 
0.63 	0.72 	4 
0.87 	0.91 	4 
0.94 	0.90 	4 
0.58 	0.98 	4 
0.76 	0.88 	4 
0.79 	0.97 	4 
0.24 	0.82 	4 
0.75 	0.90 	4 
0.79 	0.78 	4 
0.18 	0.78 	4 
0.28 	0.66 	4 
0.79 	0.82 	4 
0.73 	0.73 	4 
0.35 	0.92 	4 
0.65 	0.99 	4 
0.47 	0.81 	4 
0.55 	0.64 	4 
0.64 	0.61 	4 
0.18 	0.81 	4 
0.35 	0.97 	4 
0.31 	0.96 	4 
0.42 	0.81 	4 
0.51 	0.93 	4 
0.35 	0.84 	4 
0.36 	0.88 	4 
0.96 	0.77 	4 
0.21 	0.74 	4 
0.93 	0.86 	4 
0.95 	0.75 	4 
0.77 	0.87 	4 
0.12 	0.80 	4 
0.58 	0.93 	4 
0.57 	0.74 	4 
0.73 	0.95 	4 
0.18 	0.82 	4 
0.36 	0.80 	4 
0.17 	0.72 	4 
0.74 	0.66 	4 
0.29 	0.78 	4 
0.56 	0.78 	4 
0.73 	0.68 	4 
0.90 	0.83 	4 
0.51 	0.99 	4 
0.90 	0.71 	4 
0.68 	0.78 	4 
0.27 	0.85 	4 
0.40 	0.71 	4 
0.87 	0.72 	4 
0.54 	0.63 	4 
0.49 	0.82 	4 
0.38 	0.72 	4 
0.81 	0.88 	4 
0.20 	0.71 	4 
0.16 	0.78 	4 
0.78 	0.84 	4 
0.52 	0.81 	4 
0.40 	0.76 	4 
0.54 	0.77 	4 
0.72 	0.83 	4 
0.34 	0.87 	4 
0.98 	0.83 	4 
0.84 	0.70 	4 
0.53 	0.67 	4 
0.64 	0.75 	4 
0.91 	0.90 	4 
0.17 	0.79 	4 
0.77 	0.96 	4 
0.81 	0.73 	4 
0.27 	0.95 	4 
0.28 	0.95 	4 
0.15 	0.89 	4 
0.39 	0.80 	4 
0.45 	0.81 	4 
0.50 	0.87 	4 
0.62 	0.82 	4 
0.50 	0.96 	4 
0.83 	0.91 	4 
0.58 	0.77 	4 
0.14 	0.80 	4 
0.40 	0.93 	4 
0.80 	0.94 	4 
0.85 	0.69 	4 
0.69 	0.96 	4 
0.44 	0.71 	4 
0.34 	0.93 	4 
0.62 	0.87 	4 
0.12 	0.80 	4 
0.16 	0.85 	4 
0.64 	0.71 	4 
0.63 	0.69 	4 
0.53 	0.62 	4 
0.67 	0.79 	4 
0.31 	0.82 	4 
0.68 	0.84 	4 
0.28 	0.85 	4 
0.35 	0.64 	4 
0.73 	0.79 	4 
0.66 	0.64 	4 
0.29 	0.93 	4 
0.61 	0.70 	4 
0.39 	0.72 	4 
0.14 	0.86 	4 
0.44 	0.67 	4 
0.49 	0.78 	4 
0.67 	0.64 	4 
0.82 	0.70 	4 
0.47 	0.80 	4 
0.93 	0.86 	4 
0.62 	0.79 	4 
0.44 	0.80 	4 
0.39 	0.69 	4 
0.76 	0.66 	4 
0.96 	0.88 	4 
0.48 	0.98 	4 
0.12 	0.83 	4 
0.64 	0.91 	4 
0.74 	0.83 	4 
0.28 	0.72 	4 
0.43 	0.76 	4 
0.20 	0.89 	4 
0.73 	0.96 	4 
0.13 	0.80 	4 
0.68 	0.78 	4 
0.74 	0.76 	4 
0.24 	0.75 	4 
0.30 	0.71 	4 
0.65 	0.79 	4 
0.82 	0.70 	4 
0.33 	0.86 	4 
0.25 	0.77 	4 
0.88 	0.67 	4 
0.24 	0.93 	4 
0.18 	0.73 	4 
0.38 	0.89 	4 
0.67 	0.91 	4 
0.88 	0.91 	4 
0.74 	0.80 	4 
0.63 	0.84 	4 
0.95 	0.81 	4 
0.12 	0.80 	4 
0.49 	0.74 	4 
0.24 	0.78 	4 
0.53 	0.94 	4 
0.75 	0.94 	4 
0.16 	0.83 	4 
0.14 	0.86 	4 
0.68 	0.88 	4 
0.64 	0.68 	4 
0.56 	0.74 	4 
0.31 	0.94 	4 
0.28 	0.81 	4 
0.59 	0.90 	4 
0.18 	0.78 	4 
0.25 	0.69 	4 
0.86 	0.93 	4 
0.55 	1.00 	4 
0.85 	0.75 	4 
0.33 	0.76 	4 
0.74 	0.75 	4 
0.54 	0.82 	4 
0.14 	0.87 	4 
0.24 	0.87 	4 
0.19 	0.78 	4 
0.61 	0.85 	4 
0.57 	0.79 	4 
0.77 	0.80 	4 
0.37 	0.87 	4 
0.55 	0.77 	4 
0.52 	0.96 	4 
0.52 	0.76 	4 
0.26 	0.77 	4 
0.37 	0.83 	4 
0.35 	0.89 	4 
0.30 	0.88 	4 
0.54 	0.76 	4 
0.32 	0.97 	4 
0.85 	0.94 	4 
0.53 	0.79 	4 
0.60 	0.95 	4 
0.16 	0.71 	4 
0.51 	0.96 	4 
0.80 	0.65 	4 
0.70 	0.83 	4 
0.48 	0.98 	4 
0.49 	0.90 	4 
0.19 	0.70 	4 
0.75 	0.63 	4 
0.13 	0.79 	4 
0.17 	0.79 	4 
0.67 	0.71 	4 
0.37 	0.88 	4 
0.67 	0.96 	4 
0.75 	0.86 	4 
0.45 	0.67 	4 
0.75 	0.96 	4 
0.40 	0.74 	4 
0.81 	0.85 	4 
0.73 	0.72 	4 
0.40 	0.63 	4 
0.93 	0.89 	4 
0.77 	0.94 	4 
0.36 	0.65 	4 
0.56 	0.76 	4 
0.78 	0.70 	4 
0.97 	0.74 	4 
0.51 	0.67 	4 
0.45 	0.73 	4 
0.32 	0.95 	4 
0.74 	0.69 	4 
0.23 	0.92 	4 
0.43 	0.74 	4 
0.19 	0.81 	4 
0.42 	0.69 	4 
0.37 	0.69 	4 
0.69 	0.81 	4 
0.60 	0.97 	4 
0.41 	0.84 	4 
0.86 	0.93 	4 
0.72 	0.68 	4 
0.85 	0.74 	4 
0.58 	0.89 	4 
0.34 	0.78 	4 
0.49 	0.89 	4 
0.49 	0.88 	4 
0.71 	0.98 	4 
0.55 	0.86 	4 
0.60 	0.83 	4 
0.64 	0.94 	4 
0.82 	0.95 	4 
0.76 	0.76 	4 
0.15 	0.83 	4 
0.47 	0.79 	4 
0.59 	0.69 	4 
0.76 	0.90 	4 
0.81 	0.82 	4 
0.87 	0.77 	4 
-0.05 	0.80 	5 
0.04 	0.80 	5 
0.06 	0.80 	5 
0.09 	0.80 	5 
0.05 	0.80 	5 
0.00 	0.80 	5 
-0.01 	0.80 	5 
-0.07 	0.80 	5 
0.00 	0.80 	5 
0.03 	0.80 	5 
0.08 	0.80 	5 
-0.04 	0.80 	5 
-0.04 	0.80 	5 
-0.09 	0.80 	5 
0.08 	0.80 	5 
-0.01 	0.80 	5 
-0.08 	0.80 	5 
-0.04 	0.80 	5 
0.09 	0.80 	5 
-0.05 	0.80 	5 
-0.10 	0.80 	5 
-0.06 	0.80 	5 
-0.08 	0.80 	5 
0.03 	0.80 	5 
0.02 	0.80 	5 
0.02 	0.80 	5 
0.08 	0.80 	5 
0.08 	0.80 	5 
0.06 	0.80 	5 
0.10 	0.80 	5 
-0.05 	0.80 	5 
0.08 	0.80 	5 
-0.06 	0.80 	5 
0.02 	0.80 	5 
-0.01 	0.80 	5 
0.09 	0.80 	5 
0.00 	0.80 	5 
0.04 	0.80 	5 
-0.05 	0.80 	5 
0.09 	0.80 	5 
-0.08 	0.80 	5 
0.02 	0.80 	5 
-0.08 	0.80 	5 
-0.03 	0.80 	5 
0.06 	0.80 	5 
0.00 	0.80 	5 
0.04 	0.80 	5 
-0.03 	0.80 	5 
0.06 	0.80 	5 
0.08 	0.80 	5 
0.02 	0.80 	5 
-0.04 	0.80 	5 
0.09 	0.80 	5 
-0.06 	0.80 	5 
-0.08 	0.80 	5 
-0.06 	0.80 	5 
0.00 	0.80 	5 
0.04 	0.80 	5 
-0.02 	0.80 	5 
-0.05 	0.80 	5 
0.09 	0.80 	5 
0.05 	0.80 	5 
-0.09 	0.80 	5 
-0.04 	0.80 	5 
0.06 	0.80 	5 
-0.08 	0.80 	5 
-0.02 	0.80 	5 
-0.07 	0.80 	5 
-0.10 	0.80 	5 
0.02 	0.80 	5 
-0.05 	0.80 	5 
-0.01 	0.80 	5 
-0.04 	0.80 	5 
-0.09 	0.80 	5 
0.03 	0.80 	5 
-0.03 	0.80 	5 
0.09 	0.80 	5 
0.03 	0.80 	5 
0.09 	0.80 	5 
0.02 	0.80 	5 
0.10 	0.80 	5 
-0.09 	0.80 	5 
0.01 	0.80 	5 
-0.09 	0.80 	5 
-0.04 	0.80 	5 
0.01 	0.80 	5 
0.00 	0.80 	5 
0.01 	0.80 	5 
-0.07 	0.80 	5 
0.06 	0.80 	5 
-0.04 	0.80 	5 
0.04 	0.80 	5 
0.06 	0.80 	5 
-0.10 	0.80 	5 
0.03 	0.80 	5 
-0.01 	0.80 	5 
0.00 	0.80 	5 
0.00 	0.80 	5 
-0.08 	0.80 	5 
0.01 	0.80 	5 
0.04 	0.80 	5 
0.05 	0.80 	5 
-0.05 	0.80 	5 
-0.09 	0.80 	5 
-0.01 	0.80 	5 
0.03 	0.80 	5 
0.07 	0.80 	5 
-0.01 	0.80 	5 
-0.01 	0.80 	5 
-0.05 	0.80 	5 
0.00 	0.80 	5 
-0.04 	0.80 	5 
0.02 	0.80 	5 
-0.05 	0.80 	5 
-0.03 	0.80 	5 
0.09 	0.80 	5 
-0.02 	0.80 	5 
0.07 	0.80 	5 
0.07 	0.80 	5 
-0.06 	0.80 	5 
-0.02 	0.80 	5 
0.05 	0.80 	5 
0.05 	0.80 	5 
-0.07 	0.80 	5 
0.08 	0.80 	5 
-0.05 	0.80 	5 
0.04 	0.80 	5 
-0.08 	0.80 	5 
0.09 	0.80 	5 
-0.01 	0.80 	5 
0.10 	0.80 	5 
0.07 	0.80 	5 
0.10 	0.80 	5 
0.03 	0.80 	5 
-0.08 	0.80 	5 
-0.08 	0.80 	5 
0.02 	0.80 	5 
0.04 	0.80 	5 
0.09 	0.80 	5 
0.04 	0.80 	5 
0.08 	0.80 	5 
-0.06 	0.80 	5 
-0.04 	0.80 	5 
0.04 	0.80 	5 
-0.07 	0.80 	5 
-0.08 	0.80 	5 
-0.04 	0.80 	5 
-0.01 	0.80 	5 
-0.07 	0.80 	5 
0.08 	0.80 	5 
-0.06 	0.80 	5 
0.02 	0.80 	5 
0.02 	0.80 	5 
-0.02 	0.80 	5 
0.04 	0.80 	5 
-0.03 	0.80 	5 
-0.10 	0.80 	5 
-0.03 	0.80 	5 
0.00 	0.80 	5 
0.08 	0.80 	5 
0.05 	0.80 	5 
0.08 	0.80 	5 
0.09 	0.80 	5 
-0.10 	0.80 	5 
0.05 	0.80 	5 
-0.01 	0.80 	5 
0.05 	0.80 	5 
0.04 	0.80 	5 
-0.07 	0.80 	5 
0.09 	0.80 	5 
0.04 	0.80 	5 
0.04 	0.80 	5 
0.00 	0.80 	5 
0.06 	0.80 	5 
-0.01 	0.80 	5 
-0.05 	0.80 	5 
0.00 	0.80 	5 
-0.01 	0.80 	5 
0.09 	0.80 	5 
-0.07 	0.80 	5 
-0.02 	0.80 	5 
-0.08 	0.80 	5 
0.04 	0.80 	5 
-0.02 	0.80 	5 
0.08 	0.80 	5 
-0.03 	0.80 	5 
-0.07 	0.80 	5 
-0.09 	0.80 	5 
-0.07 	0.80 	5 
-0.05 	0.80 	5 
-0.07 	0.80 	5 
-0.08 	0.80 	5 
-0.05 	0.80 	5 
0.04 	0.80 	5 
0.02 	0.80 	5 
0.00 	0.80 	5 
0.02 	0.80 	5 
-0.06 	0.80 	5 
-0.05 	0.80 	5 
-0.06 	0.80 	5 
-0.08 	0.80 	5 
0.08 	0.80 	5 
-0.03 	0.80 	5 
-0.05 	0.80 	5 
0.08 	0.80 	5 
-0.03 	0.80 	5 
-0.07 	0.80 	5 
-0.08 	0.80 	5 
0.09 	0.80 	5 
0.00 	0.80 	5 
-0.03 	0.80 	5 
0.07 	0.80 	5 
-0.05 	0.80 	5 
0.03 	0.80 	5 
0.09 	0.80 	5 
-0.08 	0.80 	5 
-0.01 	0.80 	5 
0.09 	0.80 	5 
0.05 	0.80 	5 
-0.01 	0.80 	5 
0.02 	0.80 	5 
-0.09 	0.80 	5 
0.01 	0.80 	5 
-0.03 	0.80 	5 
0.04 	0.80 	5 
-0.06 	0.80 	5 
-0.01 	0.80 	5 
-0.02 	0.80 	5 
0.02 	0.80 	5 
0.01 	0.80 	5 
0.05 	0.80 	5 
0.00 	0.80 	5 
0.09 	0.80 	5 
0.01 	0.80 	5 
0.06 	0.80 	5 
0.00 	0.80 	5 
0.04 	0.80 	5 
-0.01 	0.80 	5 
-0.06 	0.80 	5 
-0.07 	0.80 	5 
0.38 	0.51 	6 
0.82 	0.29 	6 
0.34 	0.24 	6 
0.07 	0.69 	6 
0.39 	0.34 	6 
0.36 	-0.82 	6 
0.90 	-0.94 	6 
0.77 	0.15 	6 
-0.84 	0.54 	6 
0.95 	0.23 	6 
0.54 	-0.88 	6 
-0.96 	0.14 	6 
0.37 	-0.74 	6 
0.92 	0.99 	6 
0.84 	-0.26 	6 
0.78 	-0.34 	6 
0.79 	0.34 	6 
0.74 	-0.99 	6 
0.44 	-0.48 	6 
0.93 	0.62 	6 
0.48 	0.47 	6 
-0.20 	0.46 	6 
0.67 	0.54 	6 
0.43 	-0.39 	6 
0.72 	-0.09 	6 
0.41 	0.30 	6 
-0.05 	0.73 	6 
0.67 	0.07 	6 
0.39 	-0.08 	6 
0.74 	-0.68 	6 
0.90 	0.51 	6 
-1.00 	0.47 	6 
0.54 	-0.98 	6 
0.52 	-0.28 	6 
0.63 	-0.67 	6 
0.88 	0.17 	6 
0.21 	0.23 	6 
0.71 	0.43 	6 
0.51 	0.10 	6 
-0.95 	0.30 	6 
0.48 	-0.23 	6 
0.88 	0.54 	6 
0.51 	0.41 	6 
-0.59 	0.50 	6 
-0.02 	0.85 	6 
0.81 	0.09 	6 
-0.88 	-0.83 	6 
0.66 	0.26 	6 
0.67 	-0.02 	6 
0.73 	-0.43 	6 
0.84 	0.11 	6 
0.88 	-0.29 	6 
0.81 	0.51 	6 
0.74 	-0.05 	6 
-0.62 	0.49 	6 
0.56 	-0.62 	6 
0.46 	0.12 	6 
0.91 	0.57 	6 
0.59 	-0.78 	6 
0.40 	0.09 	6 
-0.99 	0.28 	6 
0.83 	-0.40 	6 
0.09 	0.66 	6 
-0.01 	0.70 	6 
0.40 	0.49 	6 
0.72 	-0.37 	6 
-0.87 	-0.78 	6 
-0.82 	0.40 	6 
0.24 	0.25 	6 
-0.03 	0.96 	6 
0.48 	-0.77 	6 
0.68 	-0.50 	6 
0.91 	0.47 	6 
-0.82 	0.29 	6 
0.20 	-0.94 	6 
-0.23 	0.48 	6 
0.82 	-0.15 	6 
-0.63 	0.53 	6 
0.53 	-0.95 	6 
0.65 	0.05 	6 
0.78 	-0.66 	6 
0.18 	0.55 	6 
-0.04 	0.44 	6 
0.10 	0.64 	6 
0.78 	-0.69 	6 
0.89 	-0.98 	6 
0.59 	-0.64 	6 
0.69 	-0.10 	6 
0.17 	0.35 	6 
0.91 	-0.87 	6 
0.42 	0.47 	6 
0.51 	-0.11 	6 
0.13 	0.98 	6 
0.19 	0.26 	6 
0.77 	0.39 	6 
0.76 	-0.32 	6 
0.90 	-0.24 	6 
0.06 	0.64 	6 
0.54 	-0.79 	6 
0.61 	0.17 	6 
0.73 	-0.69 	6 
0.43 	0.09 	6 
0.40 	-0.59 	6 
0.08 	0.40 	6 
-0.90 	-0.90 	6 
0.72 	-0.56 	6 
0.58 	-0.09 	6 
0.86 	0.42 	6 
-0.89 	0.52 	6 
0.85 	-0.38 	6 
0.22 	-0.86 	6 
-0.21 	0.52 	6 
0.69 	-0.72 	6 
-0.99 	0.94 	6 
0.51 	0.30 	6 
0.63 	0.38 	6 
0.72 	-0.03 	6 
0.58 	0.27 	6 
-0.89 	0.27 	6 
-0.26 	0.51 	6 
0.80 	-0.13 	6 
0.49 	-0.63 	6 
-0.76 	0.43 	6 
0.83 	0.11 	6 
0.40 	0.17 	6 
-0.66 	0.54 	6 
-0.89 	0.38 	6 
-0.68 	-0.95 	6 
0.62 	0.35 	6 
0.55 	-0.55 	6 
0.71 	0.05 	6 
-0.34 	0.44 	6 
0.36 	0.23 	6 
-0.30 	0.53 	6 
-0.95 	0.22 	6 
0.74 	0.50 	6 
0.00 	0.90 	6 
0.32 	-0.81 	6 
0.52 	-0.17 	6 
0.63 	0.55 	6 
-0.88 	0.15 	6 
0.62 	0.12 	6 
0.80 	-0.42 	6 
1.00 	0.18 	6 
0.57 	-0.96 	6 
0.97 	0.33 	6 
0.26 	0.26 	6 
0.53 	-0.26 	6 
0.89 	0.10 	6 
0.93 	0.09 	6 
0.71 	-0.51 	6 
-0.04 	0.54 	6 
0.71 	0.43 	6 
0.83 	-0.99 	6 
-1.00 	0.42 	6 
0.57 	-0.62 	6 
0.65 	-0.68 	6 
0.90 	0.29 	6 
0.64 	-0.08 	6 
-0.95 	-0.97 	6 
0.84 	-0.35 	6 
0.87 	-0.25 	6 
0.81 	0.08 	6 
0.66 	-0.77 	6 
0.65 	-0.57 	6 
0.44 	-0.54 	6 
0.69 	0.54 	6 
0.96 	0.61 	6 
0.73 	-0.35 	6 
0.69 	0.52 	6 
0.52 	-0.92 	6 
1.00 	-0.86 	6 
-0.52 	0.53 	6 
0.16 	-0.88 	6 
0.40 	0.24 	6 
0.39 	0.14 	6 
-0.97 	-0.83 	6 
0.43 	-0.31 	6 
-0.96 	0.66 	6 
0.06 	0.43 	6 
0.33 	-0.88 	6 
0.92 	-0.91 	6 
-0.11 	0.68 	6 
0.84 	0.50 	6 
0.31 	0.34 	6 
-1.00 	0.15 	6 
0.56 	0.09 	6 
-0.99 	-0.72 	6 
0.43 	-0.73 	6 
0.37 	0.42 	6 
-0.89 	0.55 	6 
-0.45 	0.42 	6 
0.05 	0.50 	6 
-0.54 	0.55 	6 
0.11 	0.55 	6 
0.65 	-0.19 	6 
0.63 	0.11 	6 
0.41 	0.02 	6 
0.94 	0.56 	6 
-0.17 	0.52 	6 