-4.97 	-8.10 	1
-4.79 	-8.10 	1
-5.04 	-8.22 	1
-5.00 	-7.92 	1
-5.79 	-6.52 	1
-6.05 	-6.24 	1
-4.82 	-7.97 	1
-5.25 	-7.70 	1
-5.65 	-7.40 	1
-4.85 	-8.16 	1
-5.05 	-8.11 	1
-4.91 	-7.91 	1
-4.96 	-7.74 	1
-5.91 	-6.54 	1
-5.88 	-6.64 	1
-5.13 	-8.13 	1
-4.57 	-7.32 	1
-4.80 	-7.72 	1
-5.64 	-7.39 	1
-4.83 	-7.64 	1
-5.03 	-7.84 	1
-4.93 	-8.11 	1
-5.08 	-6.48 	1
-5.52 	-7.60 	1
-5.53 	-7.55 	1
-5.35 	-7.73 	1
-5.23 	-7.53 	1
-1.69 	9.04 	2
-4.58 	-7.67 	1
-1.65 	8.55 	2
-4.44 	-7.44 	1
-4.82 	-8.09 	1
-4.78 	-8.01 	1
-5.37 	-7.62 	1
-5.25 	-6.69 	1
-5.48 	-7.23 	1
-4.86 	-7.34 	1
-5.68 	-6.77 	1
-1.71 	8.49 	2
-5.05 	-7.72 	1
-6.50 	-5.17 	1
-4.49 	-7.24 	1
-4.86 	-8.09 	1
-5.36 	-7.11 	1
-4.63 	-7.33 	1
-6.10 	-6.25 	1
-5.49 	-5.57 	1
1.08 	13.43 	3
-5.00 	-6.04 	1
-4.59 	-7.48 	1
-5.91 	-6.55 	1
-4.56 	-6.41 	1
-5.12 	-5.79 	1
-5.68 	-4.96 	1
-5.14 	-6.51 	1
1.16 	-2.80 	3
-4.60 	-6.06 	1
-4.48 	-7.58 	1
-6.03 	-6.50 	1
-4.46 	-7.47 	1
-5.72 	-6.23 	1
-4.53 	-7.88 	1
-4.41 	-7.35 	1
-12.27 	5.74 	4
1.09 	9.14 	3
-4.48 	-6.32 	1
-5.05 	-7.43 	1
-3.73 	5.81 	3
-4.96 	-6.22 	1
-4.74 	-8.02 	1
-1.68 	10.46 	5
-5.16 	-5.99 	1
-6.00 	-6.10 	1
-4.64 	-7.95 	1
-1.38 	8.79 	2
-6.08 	-5.51 	1
-5.23 	-7.17 	1
-4.48 	-7.40 	1
-4.27 	-6.85 	1
-4.87 	-7.50 	1
-3.12 	2.85 	3
-5.35 	-6.23 	1
-1.56 	0.25 	3
-4.57 	-7.68 	1
-6.49 	-5.14 	1
-5.80 	-6.21 	1
-5.89 	-6.47 	1
-0.78 	10.48 	6
-4.54 	-7.26 	1
-4.72 	-7.39 	1
-1.83 	8.45 	2
-5.69 	-6.60 	1
-5.08 	-6.55 	1
-4.59 	-6.71 	1
-5.54 	-5.45 	1
-6.27 	-5.96 	1
-5.98 	-6.23 	1
-4.71 	-5.87 	1
-12.34 	6.23 	4
-10.32 	5.73 	4
-5.65 	-5.65 	1
0.82 	-2.38 	3
-3.20 	2.53 	3
-2.14 	8.77 	2
-6.03 	-5.71 	1
-2.08 	9.32 	2
-5.21 	-6.86 	1
-4.86 	-7.45 	1
-4.36 	-7.09 	1
-1.94 	8.73 	2
1.12 	-2.76 	3
-5.53 	-6.67 	1
-4.57 	-7.31 	1
-1.93 	8.75 	2
-0.16 	-1.13 	3
-6.01 	-5.65 	1
-6.30 	-5.87 	1
-0.13 	-1.17 	3
-5.56 	-5.87 	1
-5.54 	-5.43 	1
-6.64 	-4.30 	1
-10.83 	5.94 	4
-6.08 	-6.20 	1
-4.78 	-6.88 	1
-5.85 	-6.41 	1
9.82 	-2.72 	4
1.16 	-2.80 	3
-1.57 	8.46 	2
-1.12 	-0.20 	3
-1.48 	9.13 	2
-6.23 	-5.51 	1
-12.97 	5.77 	4
0.88 	9.06 	3
-11.06 	5.91 	4
-11.68 	6.20 	3
-1.80 	8.63 	2
-12.35 	6.27 	4
-4.82 	-6.45 	1
-3.34 	3.47 	3
-10.44 	5.52 	4
-1.76 	8.68 	2
-0.72 	10.50 	6
-11.98 	5.75 	4
0.91 	-2.51 	3
-1.97 	8.66 	2
-5.08 	-5.96 	1
-13.49 	5.70 	4
0.31 	-1.69 	3
-12.90 	6.10 	4
-4.76 	-5.83 	1
-12.22 	6.21 	4
-1.52 	0.23 	3
-1.74 	0.30 	3
-11.01 	6.01 	4
-6.54 	-5.12 	1
-0.95 	-0.26 	3
-3.10 	2.46 	6
-5.35 	-5.01 	1
9.82 	-2.70 	4
0.68 	8.60 	3
-4.74 	-5.83 	1
1.07 	9.02 	3
-13.01 	5.75 	4
-10.53 	5.42 	4
-1.57 	8.83 	2
10.50 	-3.05 	4
-11.50 	5.61 	4
-4.39 	-6.52 	1
-0.52 	-0.73 	3
-4.57 	-6.71 	1
0.69 	-2.22 	3
-6.56 	-4.22 	1
-3.20 	2.69 	3
-4.30 	-6.35 	1
10.87 	-2.14 	4
9.70 	-2.71 	4
-1.47 	0.36 	3
-12.80 	6.16 	4
-4.46 	-6.63 	1
-13.07 	5.76 	4
-5.21 	-5.27 	1
-0.69 	-0.52 	3
11.20 	-1.49 	4
0.81 	-2.38 	3
-5.07 	-6.17 	1
0.23 	-1.59 	3
-3.49 	3.31 	3
-1.98 	8.60 	2
10.81 	-1.10 	4
-5.38 	-5.65 	1
-2.33 	1.37 	3
-1.80 	8.81 	2
-1.86 	8.40 	2
-1.52 	8.77 	2
-4.54 	-5.65 	1
-4.45 	-7.48 	1
-6.24 	-5.70 	1
-3.65 	5.58 	3
-13.31 	5.77 	4
-5.87 	-5.66 	1
-4.25 	-6.00 	1
-12.33 	6.22 	4
9.18 	2.70 	4
-6.23 	-4.66 	1
1.14 	-2.78 	3
0.84 	9.18 	3
-2.13 	1.12 	3
10.61 	-0.10 	4
-5.64 	-4.61 	1
-12.97 	6.05 	4
-6.62 	-4.42 	1
-4.61 	-6.48 	1
9.77 	-2.73 	4
-5.39 	-4.70 	1
-5.51 	-5.71 	1
-1.96 	8.93 	2
-1.63 	8.79 	2
9.82 	-2.60 	4
-12.80 	5.92 	4
-4.91 	-6.00 	1
-0.22 	-1.06 	3
-0.09 	-1.22 	3
-2.13 	1.14 	3
-5.63 	-4.96 	1
-3.16 	2.75 	3
-13.52 	5.65 	4
-1.38 	0.18 	3
1.04 	8.87 	3
0.11 	-1.45 	3
-4.58 	-5.90 	1
-0.66 	10.35 	6
0.64 	-2.15 	3
-12.87 	6.09 	4
9.71 	-2.71 	4
10.29 	-3.00 	4
-0.09 	-1.21 	3
-2.15 	0.81 	3
-5.64 	-4.90 	1
1.05 	-2.68 	3
-3.77 	5.69 	3
10.34 	-2.97 	4
-10.67 	5.67 	4
-3.70 	5.33 	3
-4.52 	-6.43 	1
-12.78 	5.97 	4
-5.25 	-6.20 	1
0.79 	9.41 	3
10.26 	-3.01 	4
11.08 	-1.41 	4
-3.58 	3.66 	3
-3.19 	2.67 	3
-2.72 	1.76 	3
-5.03 	-5.66 	1
-3.56 	3.27 	3
-4.65 	-6.10 	1
-1.19 	-0.16 	3
-12.98 	6.08 	4
0.15 	-1.50 	3
-11.45 	5.59 	4
-10.31 	5.40 	4
-1.38 	8.58 	2
-0.65 	10.36 	6
0.70 	-2.24 	3
-4.57 	-6.13 	1
0.76 	9.09 	3
-1.16 	-0.06 	3
-1.35 	-0.04 	3
-4.62 	-6.09 	1
-11.55 	6.03 	4
-5.72 	-4.93 	1
-1.59 	9.00 	2
-1.77 	8.97 	2
0.22 	-1.57 	3
-1.82 	8.90 	2
-10.69 	5.42 	4
-0.73 	10.51 	6
-1.06 	-0.26 	3
10.64 	-1.81 	4
-4.93 	-5.14 	1
-2.74 	1.47 	3
-0.25 	-1.03 	3
-4.44 	-5.89 	1
10.25 	-3.01 	4
0.45 	8.57 	3
0.88 	-2.46 	3
-0.73 	-0.53 	3
10.81 	0.46 	4
0.57 	9.45 	3
-1.56 	0.24 	3
-10.26 	5.71 	7
-0.91 	-0.41 	3
0.45 	9.47 	3
-2.63 	1.39 	3
10.86 	-2.63 	4
-2.47 	1.43 	3
-1.29 	-0.04 	3
-1.36 	0.18 	3
-1.59 	8.80 	2
-2.40 	1.46 	3
-5.65 	-4.72 	1
-1.91 	8.58 	2
-5.01 	-5.52 	1
-3.89 	5.31 	3
11.20 	-1.06 	4
0.23 	8.93 	3
0.96 	9.12 	3
-5.68 	-4.78 	1
0.70 	9.20 	3
-6.65 	-3.48 	3
-0.10 	8.39 	2
-0.57 	-0.71 	3
-12.83 	5.92 	4
10.31 	-2.26 	4
-1.69 	9.11 	2
-0.76 	-0.48 	3
10.95 	0.11 	4
-10.83 	5.93 	4
-3.63 	3.99 	3
-3.69 	5.64 	3
-3.21 	6.96 	5
-2.56 	1.35 	3
-10.64 	5.46 	4
10.86 	0.13 	4
-0.84 	-0.43 	3
-1.24 	0.12 	3
-5.56 	-5.25 	1
-11.67 	5.97 	4
-3.19 	2.97 	3
10.52 	-3.02 	4
-4.72 	-6.02 	1
-5.51 	-4.92 	1
-3.66 	5.67 	3
10.11 	-2.53 	4
-0.19 	-1.10 	3
0.32 	-1.69 	3
-4.05 	5.95 	3
-3.31 	2.50 	3
0.47 	9.09 	3
-1.94 	8.56 	2
-3.28 	2.15 	3
0.49 	9.25 	3
0.11 	9.18 	3
10.98 	-1.15 	4
9.76 	-2.79 	4
10.49 	-3.01 	2
-1.11 	11.12 	6
11.16 	-1.04 	4
10.71 	-1.52 	4
-5.56 	-5.60 	1
-2.43 	1.27 	3
-3.75 	3.86 	3
-1.27 	-0.07 	3
-6.79 	-4.30 	1
-1.83 	0.39 	3
11.06 	-0.35 	4
-0.29 	-0.99 	3
-10.70 	5.59 	4
-1.52 	0.65 	3
-1.63 	9.29 	2
-6.53 	-4.21 	1
-1.08 	11.11 	6
-5.87 	-4.59 	1
-3.77 	3.85 	3
-10.03 	5.69 	4
-1.09 	11.05 	6
-1.24 	-0.35 	3
-3.95 	5.82 	3
-3.74 	5.68 	3
-1.94 	0.71 	3
-3.82 	5.94 	3
-5.92 	-4.56 	1
-1.36 	0.12 	3
-5.06 	-5.11 	1
-3.21 	2.29 	3
-4.14 	5.26 	3
0.70 	9.18 	3
10.82 	-2.57 	4
-3.10 	2.61 	3
-1.82 	8.62 	2
11.01 	-0.30 	4
-0.83 	10.23 	6
0.43 	8.66 	3
-10.24 	5.66 	4
-1.72 	0.83 	3
-4.98 	-5.45 	1
-3.78 	3.76 	3
-3.70 	5.76 	3
-3.44 	6.96 	3
-5.63 	-4.57 	1
-3.96 	4.85 	3
-6.49 	-4.47 	1
-0.91 	10.71 	6
-4.12 	4.85 	3
-10.37 	5.37 	4
-12.11 	6.26 	4
10.28 	1.43 	4
-0.89 	10.36 	6
-5.60 	-4.60 	1
-2.00 	0.53 	3
0.24 	8.88 	3
-2.56 	0.98 	3
10.40 	-2.68 	4
10.49 	-3.05 	4
-10.03 	5.63 	4
-2.60 	7.90 	3
-1.84 	9.08 	2
-3.52 	7.10 	3
10.03 	-2.37 	4
-10.41 	5.78 	4
-4.17 	6.03 	3
-10.78 	5.86 	4
-10.19 	5.71 	4
-2.66 	1.47 	3
9.99 	1.81 	4
-6.48 	-3.57 	3
-3.18 	3.12 	3
-2.93 	2.01 	3
-2.04 	0.68 	3
-4.58 	-6.15 	1
-3.75 	5.82 	3
11.21 	-1.22 	4
-5.71 	-5.02 	1
10.89 	0.14 	4
11.14 	-0.60 	4
-0.33 	-0.95 	3
-1.42 	8.58 	2
-2.89 	1.56 	3
-3.14 	2.24 	3
-3.37 	6.66 	3
-1.89 	8.48 	2
10.78 	-1.44 	4
0.01 	9.38 	3
0.46 	9.37 	3
-11.49 	6.18 	4
0.26 	8.85 	3
-2.01 	10.40 	5
0.30 	9.56 	3
-3.88 	4.87 	3
-5.56 	-5.09 	1
-5.78 	-4.91 	1
-3.71 	5.21 	3
-3.73 	5.99 	3
10.50 	-3.02 	4
-3.64 	3.71 	3
-3.99 	5.84 	3
10.59 	-2.96 	4
-6.41 	-4.16 	1
-3.00 	2.43 	3
-10.02 	5.60 	4
-3.50 	6.63 	3
-3.89 	6.18 	3
-3.46 	3.23 	3
-0.65 	10.29 	6
-3.32 	2.79 	3
-3.07 	7.43 	3
0.92 	13.25 	8
11.17 	-1.82 	4
0.92 	8.88 	3
10.78 	-2.22 	4
-10.16 	5.63 	4
-3.34 	2.87 	3
0.55 	9.02 	3
11.19 	-1.65 	4
-3.58 	5.69 	3
-3.64 	6.15 	3
-3.62 	3.64 	3
-3.26 	2.35 	3
-1.41 	-0.11 	3
0.10 	8.97 	3
-0.95 	10.49 	6
-3.72 	6.30 	3
-1.06 	-0.25 	3
-1.23 	8.89 	2
10.98 	-2.37 	4
0.65 	-2.16 	3
-6.45 	-4.11 	1
-3.56 	3.64 	3
-3.79 	4.01 	3
-11.41 	5.64 	4
0.32 	8.79 	3
-3.38 	2.16 	3
-1.47 	8.93 	2
-5.78 	-4.83 	1
-5.60 	-5.28 	1
-10.17 	5.53 	4
-3.58 	3.50 	3
-4.06 	6.09 	3
0.09 	8.79 	3
-2.09 	9.53 	9
-3.37 	2.11 	3
-1.33 	8.57 	2
-10.71 	5.86 	4
-3.28 	6.99 	3
10.99 	-1.94 	4
0.55 	8.74 	3
0.59 	8.68 	3
-3.68 	6.32 	3
-3.99 	4.15 	3
-0.89 	10.12 	6
0.62 	8.84 	3
-6.70 	-3.63 	5
0.93 	13.27 	8
-1.67 	0.65 	3
10.53 	1.02 	4
-5.45 	-4.80 	1
-3.44 	2.98 	3
-2.60 	1.39 	3
-2.71 	1.44 	3
-10.69 	5.89 	4
-0.86 	-0.46 	3
-2.85 	1.64 	3
1.01 	13.35 	8
9.22 	2.67 	4
-3.06 	1.82 	3
0.29 	8.82 	3
-2.05 	8.85 	2
0.31 	8.68 	3
-3.32 	2.49 	3
-3.75 	5.75 	3
-1.83 	10.31 	5
-3.75 	6.39 	3
-3.62 	3.19 	3
9.87 	1.96 	4
-0.73 	10.34 	6
-3.05 	1.98 	3
-6.94 	-3.79 	1
0.66 	-2.19 	3
10.84 	-0.13 	4
0.12 	9.04 	3
-5.47 	-5.19 	1
9.80 	-2.57 	4
10.27 	1.48 	4
11.05 	-2.15 	4
-3.81 	5.06 	3
-1.24 	8.59 	2
-5.68 	-4.77 	1
-2.86 	2.17 	3
10.21 	-2.23 	4
-3.86 	5.20 	3
0.01 	9.42 	3
-2.12 	0.73 	3
-2.22 	0.81 	3
10.23 	-2.46 	4
-0.26 	-1.03 	3
-5.30 	-5.11 	1
-6.34 	-4.55 	1
10.90 	-0.24 	4
10.90 	-1.78 	4
-4.11 	5.36 	3
0.14 	9.36 	3
-0.60 	9.25 	3
-2.60 	0.94 	3
10.93 	-1.03 	4
0.50 	9.02 	3
-3.63 	6.52 	3
-2.08 	9.49 	9
-0.05 	8.74 	3
-6.42 	-4.58 	1
9.97 	1.84 	4
-5.31 	-4.76 	1
-11.09 	6.08 	4
0.72 	8.78 	3
1.04 	13.39 	8
0.63 	8.78 	3
-2.45 	0.79 	3
-2.18 	0.70 	3
0.81 	9.11 	3
-3.95 	6.10 	3
0.70 	-2.23 	3
-1.44 	8.67 	2
0.23 	9.22 	3
-6.48 	-4.47 	1
-4.03 	5.89 	3
-3.51 	3.36 	3
-3.11 	7.42 	3
0.12 	8.99 	3
0.47 	8.79 	3
0.01 	9.31 	3
-0.09 	9.46 	3
-6.43 	-4.48 	1
-4.07 	5.33 	3
-2.74 	1.27 	3
-1.42 	8.63 	2
-1.46 	8.66 	2
-3.41 	7.08 	3
-3.62 	2.71 	3
0.32 	8.60 	3
-6.93 	-4.03 	1
-3.63 	3.42 	3
-3.11 	2.05 	3
10.42 	1.02 	4
-2.78 	1.94 	3
-0.96 	10.23 	6
0.17 	8.95 	3
-3.71 	3.08 	3
-1.00 	10.22 	6
-4.22 	5.93 	3
-5.57 	-4.67 	1
-0.23 	9.19 	3
-3.36 	7.19 	3
-2.48 	1.85 	3
-3.67 	3.43 	3
-6.59 	-4.45 	1
-0.86 	10.16 	6
-1.27 	10.25 	5
10.55 	1.08 	4
-2.61 	1.10 	3
0.04 	9.07 	3
-2.92 	1.68 	3
10.75 	-0.30 	4
-3.41 	2.19 	3
-2.56 	1.35 	3
-1.16 	10.96 	7
-0.42 	9.31 	3
0.10 	9.22 	3
-4.16 	5.89 	3
-4.01 	5.76 	3
-6.10 	-4.72 	1
-6.53 	-4.76 	1
-3.67 	4.19 	3
10.99 	0.06 	4
-3.51 	3.23 	3
-1.57 	9.29 	2
-2.11 	0.57 	3
-6.66 	-4.15 	1
11.02 	-0.12 	4
-5.75 	-4.40 	1
-6.71 	-4.24 	1
-2.46 	1.25 	3
-1.01 	9.08 	3
-4.13 	5.32 	3
-3.49 	2.69 	3
-1.96 	10.32 	5
0.11 	9.21 	3
-0.10 	8.88 	3
0.31 	8.64 	3
-1.14 	-0.28 	3
-4.01 	4.61 	3
-1.06 	10.16 	6
10.87 	0.32 	4
-3.37 	6.87 	3
-6.56 	-4.52 	1
0.94 	13.27 	8
-3.97 	4.11 	3
-3.74 	6.36 	3
-0.05 	8.76 	3
-1.30 	9.26 	10
-0.40 	8.85 	3
-2.81 	1.45 	3
-5.43 	-5.14 	1
-3.65 	6.84 	3
-1.08 	11.07 	7
-0.87 	10.34 	6
10.04 	-2.69 	4
-5.41 	-4.71 	1
-3.48 	3.02 	3
-4.04 	4.59 	3
-0.46 	-0.82 	3
0.21 	8.83 	3
-6.82 	-4.16 	1
-5.80 	-4.34 	1
-1.87 	10.40 	5
9.33 	2.55 	3
-1.89 	0.39 	3
-2.04 	8.97 	2
-3.78 	5.76 	3
0.15 	9.00 	3
-2.44 	8.59 	3
-0.80 	10.12 	6
-0.24 	8.88 	3
10.41 	1.30 	4
0.16 	8.90 	3
10.70 	0.70 	4
-3.57 	2.80 	3
-4.19 	5.68 	3
-0.73 	9.17 	3
-3.57 	6.99 	3
-3.44 	6.96 	3
-4.08 	4.44 	3
-4.17 	5.70 	3
-3.65 	6.37 	3
-0.94 	10.00 	6
-6.91 	-3.78 	1
10.66 	0.61 	4
-3.32 	7.00 	3
-0.90 	10.18 	7
-3.40 	2.77 	3
-3.54 	6.91 	3
-2.32 	0.66 	3
-3.93 	6.10 	3
-1.01 	10.24 	6
-3.82 	6.64 	3
-4.09 	5.30 	3
-3.77 	6.36 	3
-4.31 	5.36 	3
11.03 	-1.71 	4
-1.89 	10.32 	5
-5.77 	-4.38 	1
-3.19 	7.29 	3
-1.19 	10.62 	7
-3.80 	6.45 	3
0.41 	8.72 	3
10.85 	0.43 	3
10.30 	1.40 	7
-3.30 	2.40 	3
-0.85 	9.14 	3
9.73 	-2.74 	4
-4.18 	5.06 	3
-0.16 	9.31 	3
-0.93 	10.11 	6
-0.22 	8.89 	3
-3.34 	2.65 	3
10.99 	-2.14 	4
10.91 	-2.55 	4
-0.85 	-0.53 	3
-3.83 	5.73 	3
-2.03 	8.53 	3
-1.44 	8.73 	2
0.12 	8.88 	3
-1.57 	10.36 	5
9.40 	2.48 	4
-4.02 	4.79 	3
-3.47 	6.67 	3
-0.33 	9.27 	3
-2.00 	10.36 	5
-2.56 	8.15 	3
-3.99 	5.28 	3
10.30 	-2.38 	4
-4.16 	5.91 	3
0.19 	9.39 	3
-1.50 	0.06 	3
-6.14 	-3.85 	1
1.03 	13.37 	8
-2.07 	10.33 	5
-3.43 	7.32 	3
-0.75 	9.26 	3
-1.87 	9.17 	3
10.19 	-2.61 	4
-2.01 	10.22 	5
-2.00 	10.31 	5
11.01 	-0.25 	4
-2.32 	0.68 	3
0.34 	8.71 	3
-3.65 	6.55 	3
-3.70 	3.71 	3
-3.66 	5.53 	3
-1.06 	10.10 	6
-2.41 	1.14 	3
-1.19 	10.00 	7
9.26 	2.62 	4
-1.89 	8.98 	2
10.88 	-2.61 	4
-1.17 	10.82 	6
-1.90 	10.39 	5
9.23 	2.66 	2
-0.34 	8.97 	3
10.76 	-0.21 	4
10.91 	0.26 	4
-1.82 	8.57 	3
-1.42 	10.35 	5
-0.98 	9.94 	6
-3.97 	6.28 	3
-2.35 	8.41 	3
11.12 	-1.93 	4
-1.10 	8.72 	3
-10.40 	5.81 	4
-1.15 	10.84 	7
0.96 	13.30 	8
-2.65 	7.74 	3
-1.21 	9.33 	4
10.13 	1.62 	1
-0.12 	8.91 	3
-3.88 	6.43 	3
-2.04 	10.32 	5
10.87 	-2.59 	4
-4.01 	6.06 	3
-6.08 	-3.92 	1
-6.92 	-4.00 	1
-3.50 	2.97 	3
-3.84 	6.16 	3
9.79 	2.05 	4
10.93 	-2.20 	4
-2.82 	7.62 	3
-1.35 	9.90 	7
-3.96 	6.34 	3
-1.95 	10.17 	5
-1.19 	10.59 	7
10.67 	0.50 	4
9.83 	2.00 	4
-6.75 	-3.42 	1
10.05 	1.74 	4
-4.12 	4.88 	3
-1.03 	9.71 	3
-6.83 	-3.92 	1
10.97 	0.01 	4
-1.77 	9.03 	3
-2.05 	8.73 	3
-2.08 	9.49 	5
-4.03 	3.99 	3
-4.05 	3.90 	3
11.10 	-1.47 	4
-1.38 	10.02 	7
10.86 	-0.33 	4
11.11 	-2.07 	4
11.07 	-2.07 	4
-3.31 	7.14 	3
-3.87 	5.90 	3
-3.64 	2.87 	3
-4.12 	6.16 	3
-6.33 	-3.64 	1
10.53 	-2.18 	4
-6.25 	-3.74 	1
-3.52 	7.14 	3
-0.49 	9.35 	3
-2.10 	8.88 	2
-1.77 	9.00 	2
11.11 	-1.88 	4
-3.48 	7.22 	3
-3.34 	2.13 	3
9.70 	2.15 	6
10.81 	-0.45 	4
10.58 	0.99 	4
9.17 	2.71 	5
-1.91 	10.06 	5
10.23 	1.54 	4
-4.32 	5.42 	3
-0.60 	9.04 	3
-4.17 	4.59 	3
-3.15 	1.72 	3
-2.07 	8.61 	3
-2.05 	10.25 	5
-2.46 	0.69 	3
-4.31 	5.49 	3
10.93 	-2.56 	4
-0.88 	9.17 	3
11.24 	-1.44 	4
10.90 	-0.26 	4
9.20 	2.68 	3
-3.61 	7.05 	3
10.31 	1.42 	4
-0.45 	9.00 	3
-1.17 	10.89 	7
-1.87 	8.59 	3
-0.90 	9.15 	3
10.14 	-2.58 	4
10.78 	0.01 	4
-1.76 	9.31 	2
-1.21 	9.78 	7
-1.72 	8.96 	2
11.06 	-1.44 	4
-1.01 	9.24 	3
11.14 	-0.59 	4
-1.26 	10.82 	5
10.50 	0.92 	4
-1.97 	10.34 	5
10.05 	1.77 	4
-0.99 	9.63 	3
-1.10 	9.19 	3
-3.74 	3.05 	3
-3.23 	1.84 	3
0.92 	13.25 	8
10.52 	0.75 	4
-2.04 	9.45 	5
-2.07 	9.46 	5
11.00 	-0.19 	4
-4.34 	5.43 	3
10.59 	0.84 	4
10.88 	-0.07 	4
10.96 	-0.32 	4
9.17 	2.71 	4
-0.73 	9.12 	3
-1.23 	10.12 	7
10.97 	-0.34 	4
-4.34 	5.44 	3
9.02 	2.85 	4
-4.30 	4.98 	3
9.10 	2.78 	4
10.62 	0.93 	4
10.06 	1.73 	4
8.97 	2.89 	4
10.71 	0.61 	4
-3.99 	6.47 	3
10.21 	1.54 	4
-2.03 	9.47 	5
-1.18 	10.87 	7
10.54 	1.08 	4
11.03 	-0.17 	4
-1.60 	9.34 	4
9.28 	2.60 	4
-1.30 	9.92 	7
-1.99 	10.20 	5
-4.30 	5.59 	3
-3.54 	7.03 	3
9.00 	2.87 	4
-1.12 	9.37 	3
-1.87 	10.03 	5
-2.04 	10.29 	5
-5.07 	-8.19 	1
-5.01 	-8.12 	1
-4.88 	-8.08 	1
-5.04 	-8.18 	1
-4.98 	-6.85 	1
-5.02 	-7.76 	1
-6.15 	-6.18 	1
-5.72 	-7.20 	1
-5.27 	-7.97 	1
-5.17 	-7.91 	1
-4.51 	-7.78 	1
-5.56 	-6.56 	1
-4.81 	-8.14 	1
-5.15 	-7.78 	1
-4.83 	-8.11 	1
-1.93 	8.45 	2
-5.28 	-7.38 	1
-4.73 	-7.90 	1
-5.15 	-8.12 	1
-4.55 	-7.51 	1
-4.48 	-7.55 	1
-5.91 	-6.47 	1
-6.09 	-6.17 	1
-4.43 	-7.37 	1
-4.95 	-8.12 	1
-5.45 	-7.59 	1
-4.92 	-8.12 	1
-5.34 	-7.69 	1
-4.36 	-7.44 	1
-13.47 	5.66 	4
-4.69 	-7.86 	1
-5.16 	-7.79 	1
-4.49 	-6.53 	1
-4.72 	-7.84 	1
-5.22 	-7.69 	1
-5.04 	-5.91 	1
-4.99 	-7.65 	1
-4.78 	-6.76 	1
-4.47 	-7.35 	1
-13.12 	5.73 	4
-4.92 	-7.17 	1
-5.21 	-7.52 	1
-5.07 	-7.61 	1
-6.21 	-6.20 	1
-4.95 	-7.18 	1
-5.44 	-6.75 	1
-5.23 	-7.45 	1
-5.45 	-6.82 	1
-4.71 	-7.98 	1
-12.94 	5.75 	4
-5.95 	-6.42 	1
-4.40 	-7.57 	1
-5.40 	-7.75 	1
-4.31 	-7.36 	1
-4.48 	-6.49 	1
-6.07 	-6.14 	1
-5.72 	-6.07 	1
-4.85 	-7.29 	1
-4.51 	-7.61 	1
-5.00 	-6.03 	1
-4.46 	-6.02 	1
-6.52 	-4.83 	1
-4.92 	-6.52 	1
-5.00 	-7.20 	1
-13.46 	5.71 	4
-2.17 	8.77 	2
-4.43 	-7.02 	1
0.93 	9.11 	3
-4.91 	-5.97 	1
-1.79 	8.70 	2
-6.11 	-6.40 	1
-4.56 	-7.48 	1
-4.25 	-6.73 	1
-4.66 	-6.69 	1
-4.96 	-6.13 	1
-6.60 	-4.85 	1
-13.52 	5.63 	4
-6.62 	-3.72 	1
-5.93 	-6.21 	1
-4.35 	-7.05 	1
-5.20 	-6.61 	1
-4.71 	-7.48 	1
-5.94 	-6.46 	1
-4.35 	-6.84 	1
-11.34 	5.91 	4
-5.86 	-4.97 	1
-1.55 	8.76 	2
-4.60 	-5.90 	1
-13.53 	5.64 	4
-5.47 	-5.85 	1
-5.77 	-7.10 	1
-1.96 	8.54 	2
-4.61 	-7.86 	1
-5.09 	-6.47 	1
-1.88 	8.65 	2
-4.87 	-7.17 	1
-4.50 	-6.29 	1
-4.48 	-7.50 	1
-4.73 	-6.41 	1
-4.71 	-7.37 	1
-5.76 	-6.39 	1
-4.92 	-7.37 	1
-1.81 	8.62 	2
-5.21 	-5.49 	1
-5.96 	-4.67 	1
-13.46 	5.73 	4
-5.51 	-7.48 	1
-6.13 	-5.92 	1
-4.96 	-5.77 	1
-5.22 	-5.08 	1
1.09 	-2.72 	3
-6.00 	-6.35 	1
-13.50 	5.66 	4
-2.81 	2.03 	3
-6.18 	-5.68 	1
-4.64 	-6.04 	1
-6.24 	-6.08 	1
-4.50 	-7.44 	1
-4.81 	-6.77 	1
-4.37 	-6.68 	1
1.09 	13.44 	8
0.90 	8.78 	3
-4.79 	-6.29 	1
-5.78 	-6.57 	1
-5.92 	-6.44 	1
-4.61 	-7.22 	1
-4.57 	-6.45 	1
0.91 	9.24 	3
-4.30 	-6.87 	1
-4.46 	-7.33 	1
-1.84 	8.65 	2
-12.26 	5.70 	4
-3.07 	2.35 	3
-4.34 	-6.52 	1
-6.30 	-5.68 	1
-1.64 	8.57 	2
-12.91 	5.96 	4
-4.64 	-5.64 	1
-13.53 	5.66 	4
-5.99 	-6.08 	1
1.06 	9.02 	3
-0.63 	-0.60 	3
1.05 	9.10 	3
10.80 	-0.89 	4
0.12 	-1.43 	3
-12.82 	5.85 	4
-0.81 	-0.17 	3
-4.43 	-7.28 	1
-1.72 	8.65 	2
10.85 	-2.56 	4
9.75 	-2.76 	4
-0.31 	-0.97 	3
-13.45 	5.74 	4
-1.43 	0.22 	3
8.94 	2.92 	2
-0.89 	-0.29 	3
11.09 	-0.92 	4
-4.41 	-6.69 	1
-4.38 	-7.41 	1
0.99 	9.44 	1
1.03 	9.15 	3
0.92 	9.24 	3
-10.60 	5.87 	4
-4.53 	-6.19 	1
-1.67 	8.91 	2
-12.35 	6.21 	4
1.05 	13.39 	8
-4.91 	-5.18 	1
-12.39 	6.24 	4
-10.38 	5.48 	4
-4.63 	-6.22 	1
-6.47 	-4.32 	1
-3.73 	5.07 	3
-4.55 	-6.29 	1
-10.49 	5.73 	4
-1.27 	0.00 	3
-12.44 	5.86 	4
1.06 	-2.68 	3
1.11 	13.45 	8
-5.62 	-5.91 	1
-1.42 	0.14 	3
-12.40 	6.24 	4
-6.57 	-4.70 	1
-4.80 	-6.18 	1
-2.11 	8.79 	2
-1.40 	0.09 	3
-4.76 	-5.38 	3
-1.56 	8.63 	2
-1.54 	8.82 	2
-2.69 	1.75 	3
0.63 	8.60 	3
-12.80 	5.80 	4
-13.51 	5.69 	4
-1.59 	8.81 	2
-0.32 	-0.96 	3
-11.20 	6.10 	4
0.81 	-2.38 	3
10.96 	-2.16 	4
-5.60 	-4.86 	1
-12.93 	6.07 	4
-6.52 	-4.33 	1
-1.35 	0.20 	3
-12.07 	5.79 	4
-13.20 	5.81 	4
0.30 	-1.68 	3
-6.42 	-3.63 	4
-5.33 	-4.75 	1
0.83 	9.02 	3
0.98 	9.16 	3
11.16 	-1.72 	4
-1.71 	0.35 	3
-3.78 	5.06 	3
-4.38 	-6.19 	1
-4.56 	-5.66 	1
1.06 	13.41 	8
0.46 	-1.91 	3
0.07 	-1.39 	3
-5.42 	-5.48 	1
-10.42 	5.50 	4
-1.47 	8.64 	2
-0.01 	-1.31 	3
0.99 	9.22 	3
-6.47 	-3.53 	2
-0.44 	9.29 	3
-1.34 	8.77 	2
-4.38 	-6.32 	1
-3.04 	2.32 	3
-5.72 	-5.01 	1
-4.97 	-5.55 	1
-13.21 	5.86 	4
0.81 	-2.38 	3
0.63 	9.16 	3
-10.89 	5.43 	4
-12.87 	6.05 	4
-6.23 	-4.64 	1
-1.26 	0.01 	3
-4.29 	-6.15 	1
-1.38 	0.19 	3
-0.87 	10.26 	6
-2.01 	1.09 	3
-3.72 	5.35 	3
-12.42 	6.26 	4
-1.97 	8.29 	3
-13.50 	5.68 	4
8.86 	2.98 	2
-2.27 	1.20 	3
-6.18 	-4.68 	1
-2.07 	0.69 	3
-5.30 	-4.68 	4
-2.81 	1.63 	3
0.17 	-1.52 	3
-0.68 	10.53 	6
0.94 	9.27 	3
-6.72 	-3.74 	1
-2.80 	2.04 	3
-3.10 	7.53 	3
-5.60 	-4.57 	1
-2.23 	1.22 	3
11.02 	-0.10 	4
-4.50 	-5.80 	1
-13.51 	5.68 	4
0.71 	9.36 	3
11.02 	-2.08 	4
-1.69 	8.83 	2
-12.78 	5.90 	4
-6.33 	-5.85 	1
-4.44 	-6.25 	1
-4.32 	-7.40 	1
-4.58 	-5.53 	1
-5.67 	-5.91 	1
-0.66 	10.26 	6
-4.86 	-6.70 	1
-12.09 	6.23 	4
0.72 	8.71 	3
-1.17 	-0.13 	3
-9.89 	5.53 	4
-6.70 	-4.63 	1
-10.10 	5.65 	4
-11.46 	6.00 	4
-6.75 	-4.45 	1
0.78 	9.21 	3
-10.85 	5.39 	4
-6.70 	-4.64 	1
-11.59 	5.65 	4
11.09 	-2.02 	4
0.73 	-2.27 	3
10.16 	-2.76 	4
-1.99 	0.64 	3
-0.18 	8.81 	3
0.19 	-1.54 	3
-6.66 	-4.74 	1
0.99 	-2.62 	3
-3.86 	3.84 	3
-2.91 	2.41 	6
-0.85 	-0.30 	3
-3.47 	3.77 	3
-0.36 	8.89 	3
-5.44 	-5.57 	1
-5.39 	-5.14 	1
-5.13 	-5.06 	1
-3.06 	2.63 	3
-2.64 	1.43 	3
-0.06 	-1.24 	3
-11.44 	6.03 	4
-1.25 	0.08 	3
10.60 	0.35 	4
-2.94 	1.91 	3
10.40 	-2.89 	4
-11.22 	5.75 	4
-6.81 	-3.50 	3
-1.73 	8.86 	2
-2.80 	1.97 	3
0.04 	-1.36 	3
-3.34 	2.87 	3
-0.04 	9.22 	3
0.39 	9.37 	3
-1.83 	8.50 	2
-1.41 	0.26 	3
0.17 	8.88 	3
0.93 	8.91 	3
-2.59 	7.88 	3
-1.35 	0.42 	3
0.79 	8.60 	3
-4.29 	-6.00 	1
-13.30 	5.81 	4
10.27 	-2.56 	4
-0.90 	-0.37 	3
-3.04 	1.97 	3
-0.91 	-0.39 	3
-1.01 	-0.36 	3
9.22 	2.67 	4
-12.96 	5.99 	4
-2.17 	0.93 	3
-6.25 	-4.43 	1
-9.88 	5.55 	4
8.83 	3.02 	4
-2.55 	7.77 	3
-2.80 	1.96 	3
-11.53 	6.11 	4
0.48 	8.90 	3
10.74 	-1.47 	3
-11.85 	6.17 	4
0.94 	9.22 	3
-1.05 	11.14 	6
0.47 	9.21 	3
11.11 	-1.91 	4
-12.12 	5.70 	4
-0.59 	-0.63 	3
-3.44 	6.92 	3
-3.36 	3.97 	3
10.91 	-1.98 	4
-10.08 	5.72 	4
-3.75 	5.96 	3
9.68 	-2.75 	4
-10.22 	5.58 	4
-1.65 	0.25 	3
-1.39 	-0.02 	3
10.75 	0.57 	4
-5.96 	-5.82 	1
-2.63 	1.47 	3
-11.74 	6.24 	4
-1.96 	0.71 	3
0.03 	-1.34 	3
-1.19 	-0.01 	3
-3.59 	3.68 	3
-13.05 	6.04 	4
10.31 	-2.90 	4
-0.73 	10.38 	6
-10.41 	5.85 	4
-0.67 	10.51 	6
-12.64 	6.19 	4
-3.91 	6.50 	3
-1.86 	10.45 	5
-6.22 	-4.60 	1
1.02 	9.05 	3
-2.53 	7.76 	3
-3.30 	2.00 	3
0.16 	-1.51 	3
0.74 	8.63 	3
1.07 	13.41 	8
10.79 	-1.45 	4
-12.95 	6.06 	4
0.17 	9.06 	3
-4.32 	-6.13 	1
-0.93 	-0.30 	3
-1.74 	8.53 	2
-2.18 	8.76 	2
11.14 	-0.95 	4
-1.93 	0.52 	3
-9.97 	5.62 	4
0.74 	9.17 	3
-1.71 	0.21 	3
-3.79 	6.14 	3
-1.05 	9.09 	3
-0.98 	-0.45 	3
-6.57 	-4.84 	1
-3.15 	2.11 	3
0.74 	9.40 	3
0.84 	9.12 	3
-0.36 	-0.92 	3
-2.43 	1.28 	3
1.02 	9.23 	3
-4.95 	-5.07 	1
-0.85 	-0.39 	3
-0.55 	-0.75 	3
0.91 	8.79 	3
0.71 	-2.24 	3
-0.82 	-0.49 	3
0.90 	9.26 	3
-3.03 	7.48 	3
-5.20 	-5.18 	1
10.89 	-2.49 	4
-11.12 	6.05 	4
0.92 	8.74 	3
-1.38 	0.21 	3
-0.89 	10.38 	6
0.46 	8.77 	3
11.21 	-1.41 	4
-11.27 	5.60 	4
-4.01 	5.07 	3
-5.33 	-5.11 	1
-10.21 	5.58 	4
-2.52 	1.13 	3
-1.90 	0.47 	3
-2.83 	1.90 	3
-5.64 	-5.05 	1
-1.87 	8.31 	3
11.11 	-1.96 	4
-1.88 	10.48 	5
-3.58 	6.35 	3
-2.29 	0.85 	3
0.78 	13.02 	8
0.37 	9.32 	3
10.47 	1.11 	4
-11.13 	5.75 	4
0.64 	9.03 	3
-1.90 	9.12 	2
10.68 	-0.15 	4
11.24 	-1.64 	4
-0.13 	-1.17 	3
-0.95 	10.65 	6
-3.21 	2.33 	3
-10.06 	5.71 	4
-2.71 	1.70 	3
-5.58 	-4.90 	1
-2.66 	1.13 	3
-3.19 	2.43 	3
-1.01 	-0.35 	3
-2.58 	7.73 	3
10.73 	-2.65 	4
-3.74 	3.96 	3
-2.82 	1.55 	3
-4.52 	-5.82 	1
-12.71 	6.19 	4
-2.17 	0.50 	3
-0.24 	-1.05 	3
0.93 	-2.53 	3
0.85 	9.25 	3
0.69 	8.69 	3
0.92 	8.87 	3
-0.68 	10.47 	6
-6.89 	-3.74 	1
-3.60 	3.38 	3
9.77 	-2.75 	4
11.18 	-0.64 	4
-6.13 	-3.95 	1
-1.99 	0.93 	3
-0.33 	-0.94 	3
-5.31 	-5.01 	1
-2.77 	1.58 	3
-2.31 	1.07 	3
-6.84 	-3.75 	1
-5.85 	-4.86 	1
-5.45 	-4.78 	1
9.94 	1.87 	2
-1.25 	9.41 	3
-5.39 	-4.63 	1
-2.31 	1.28 	3
1.06 	13.40 	3
-4.17 	5.32 	3
-5.64 	-4.62 	1
-1.99 	0.67 	3
-3.68 	6.35 	3
0.28 	-1.64 	3
-3.91 	4.54 	3
-6.57 	-4.47 	1
-3.54 	6.64 	3
-1.50 	0.16 	3
-1.34 	0.06 	3
-10.00 	5.64 	4
-5.30 	-4.70 	1
-0.76 	10.48 	6
-1.92 	0.46 	3
-1.08 	11.10 	7
-3.88 	5.03 	3
-3.93 	4.89 	3
-6.09 	-4.63 	1
-1.88 	0.43 	3
-11.83 	5.91 	4
-3.38 	7.02 	3
-4.22 	5.10 	3
9.00 	2.86 	3
-2.32 	1.30 	3
0.33 	9.26 	3
-3.77 	5.43 	3
-6.65 	-4.37 	1
-2.34 	0.91 	3
10.79 	-2.57 	4
-0.14 	8.41 	3
-0.40 	-0.89 	3
-10.09 	5.47 	4
11.00 	-2.27 	4
0.94 	-2.55 	3
-3.44 	3.00 	3
-2.97 	1.44 	3
0.90 	9.29 	3
-2.06 	8.33 	3
-3.75 	6.07 	3
0.78 	-2.33 	3
-0.95 	-0.42 	3
-3.62 	7.01 	3
-3.04 	7.40 	3
10.92 	-0.27 	4
10.44 	-3.03 	4
-0.72 	-0.60 	3
0.97 	8.88 	3
0.19 	9.09 	3
0.26 	9.02 	3
10.76 	-2.66 	4
-1.43 	10.33 	5
-1.84 	0.38 	3
9.81 	-2.78 	4
-3.80 	4.08 	3
-10.24 	5.73 	4
-3.50 	3.16 	3
-3.46 	6.74 	3
-3.09 	7.38 	3
0.72 	9.23 	3
11.00 	-0.15 	4
-0.70 	10.51 	6
-2.24 	1.23 	3
-1.38 	0.18 	3
-1.89 	0.36 	3
-1.72 	10.40 	5
-3.13 	7.38 	3
-11.18 	5.78 	4
-6.78 	-4.16 	1
0.42 	-1.84 	3
9.38 	2.50 	3
-3.77 	5.85 	3
-3.16 	1.96 	3
-3.57 	3.30 	3
9.80 	-2.77 	4
-3.94 	4.79 	3
-3.39 	2.82 	3
-1.75 	0.85 	3
-0.52 	-0.79 	3
-3.71 	3.65 	7
-2.06 	0.74 	3
-3.27 	7.40 	3
-3.61 	6.52 	3
-10.40 	5.63 	4
-11.06 	5.67 	4
-3.51 	7.16 	3
-3.28 	2.45 	3
10.41 	-2.80 	4
-2.64 	7.64 	3
-2.36 	1.00 	3
-5.22 	-5.07 	1
0.33 	9.14 	3
-2.17 	0.54 	3
-1.11 	-0.33 	3
10.84 	0.38 	4
10.31 	1.25 	4
-3.02 	1.54 	3
-5.77 	-4.36 	1
-3.83 	5.71 	3
-3.57 	3.22 	3
-3.62 	3.28 	3
-2.13 	9.59 	9
-10.80 	5.58 	4
10.42 	-2.44 	4
-0.22 	-1.06 	3
-3.84 	5.88 	3
0.69 	9.24 	3
-5.64 	-4.76 	1
-3.70 	3.75 	3
-3.32 	2.62 	3
-3.72 	3.20 	3
-1.10 	-0.22 	3
-3.77 	6.34 	3
-3.74 	3.78 	3
-1.02 	9.96 	6
10.86 	-1.70 	4
-3.85 	3.89 	3
1.05 	13.39 	8
0.11 	-1.45 	3
-3.46 	2.56 	3
0.51 	8.84 	3
-3.59 	6.84 	3
-2.95 	1.59 	3
-3.22 	2.16 	3
-2.43 	8.28 	3
-3.80 	5.65 	3
-1.08 	11.09 	7
-0.19 	9.10 	3
0.43 	8.83 	3
-6.95 	-3.83 	1
-2.17 	8.84 	2
-2.11 	0.78 	3
0.19 	8.87 	3
-3.68 	3.28 	3
-1.46 	0.01 	3
-6.52 	-3.76 	1
-1.52 	8.80 	2
-6.39 	-3.75 	1
-2.38 	1.33 	3
-4.10 	5.01 	3
-2.03 	1.22 	3
0.50 	9.47 	1
-0.83 	10.07 	6
-10.48 	5.59 	4
-6.79 	-3.92 	1
-10.93 	6.02 	4
-3.67 	2.95 	3
-6.16 	-4.29 	1
-9.97 	5.55 	4
-3.56 	3.01 	3
-3.62 	6.02 	3
0.26 	9.10 	3
-4.25 	4.73 	3
0.49 	9.44 	3
-4.07 	5.18 	3
-4.07 	5.59 	3
-3.21 	7.30 	3
-6.78 	-3.20 	1
-0.85 	9.41 	3
-6.70 	-4.43 	1
-2.81 	1.74 	3
-1.36 	8.58 	2
-3.74 	4.08 	3
-6.42 	-3.78 	3
-6.23 	-3.84 	1
-12.82 	5.91 	4
-3.96 	6.27 	3
-5.47 	-4.63 	1
9.75 	2.10 	5
10.97 	-0.16 	4
-4.22 	5.09 	3
-1.00 	10.19 	6
-1.17 	9.67 	6
-6.38 	-4.27 	1
-3.81 	5.49 	3
-3.98 	4.89 	3
-4.10 	4.66 	3
-3.94 	6.21 	3
0.59 	8.85 	3
-2.86 	1.24 	3
-1.90 	10.42 	5
-0.85 	10.35 	6
-2.11 	0.87 	3
-2.96 	1.66 	3
-10.12 	5.62 	4
-3.31 	3.14 	3
10.95 	-2.67 	4
-3.41 	7.11 	3
-12.04 	5.68 	4
-1.09 	10.71 	7
-3.35 	2.40 	3
-1.02 	9.41 	3
-6.94 	-3.95 	1
11.28 	-1.45 	4
-1.19 	9.25 	10
-4.69 	-5.30 	1
-6.85 	-3.39 	1
10.68 	-1.72 	4
10.68 	0.69 	4
-10.97 	5.82 	4
-3.05 	7.63 	3
-4.15 	5.31 	3
-1.05 	10.11 	6
-3.67 	6.94 	3
-3.45 	6.57 	3
-5.70 	-4.42 	1
-6.88 	-3.37 	1
0.24 	8.57 	3
11.28 	-1.41 	4
-1.80 	0.16 	3
-6.82 	-3.51 	1
0.33 	8.98 	3
10.60 	-2.97 	4
-3.27 	2.70 	3
0.42 	8.78 	3
-1.04 	-0.40 	3
0.17 	9.10 	3
-2.21 	0.60 	3
-1.13 	10.06 	6
0.13 	8.86 	3
-11.74 	5.85 	4
-3.46 	6.79 	3
-1.11 	10.99 	7
-6.85 	-3.83 	2
9.22 	2.66 	4
-3.39 	6.95 	3
0.24 	8.80 	3
-3.74 	3.09 	3
-3.76 	5.77 	3
-11.29 	5.88 	4
-3.99 	4.82 	3
-6.36 	-3.87 	1
-4.00 	3.92 	3
-1.17 	10.15 	7
-0.04 	9.23 	3
-1.21 	-0.15 	3
-1.16 	9.41 	3
-1.16 	10.12 	6
-2.88 	1.48 	3
10.62 	0.37 	4
-3.37 	2.52 	3
-5.60 	-4.84 	1
-6.52 	-3.74 	1
-3.99 	6.28 	3
-3.39 	2.25 	3
-3.80 	5.11 	3
-0.12 	8.90 	3
10.83 	-2.69 	4
-0.96 	-0.46 	3
-5.76 	-4.24 	1
-0.82 	10.44 	6
-3.69 	3.47 	3
11.06 	-0.23 	4
-3.29 	2.49 	3
10.94 	-1.01 	4
11.17 	-1.26 	4
11.15 	-0.54 	4
-3.28 	2.05 	3
-2.06 	9.57 	9
-0.69 	9.11 	3
-3.59 	2.88 	3
9.14 	2.74 	4
-4.05 	5.69 	3
9.78 	2.07 	4
0.29 	9.27 	3
-2.77 	7.95 	3
-4.06 	4.15 	3
-3.83 	4.03 	3
-2.69 	7.81 	3
-3.21 	2.51 	3
10.81 	-0.38 	4
-2.37 	0.91 	3
10.41 	1.06 	4
0.03 	8.78 	3
0.73 	9.27 	3
-0.76 	8.98 	3
8.85 	3.00 	3
-0.02 	8.65 	3
-1.27 	9.94 	6
-3.69 	6.61 	3
11.23 	-1.21 	4
-1.01 	9.93 	6
-2.24 	0.52 	3
-6.95 	-3.79 	1
-5.77 	-4.23 	1
-3.87 	3.78 	3
-2.11 	9.34 	2
-1.87 	10.10 	5
-0.99 	10.44 	7
10.79 	0.59 	4
9.24 	2.64 	4
-3.39 	2.14 	3
10.27 	1.35 	6
-3.63 	3.49 	3
11.11 	-1.65 	4
-6.94 	-4.04 	1
-4.32 	4.89 	3
11.26 	-1.47 	2
-6.64 	-3.94 	1
-3.34 	7.11 	7
11.14 	-1.91 	4
-4.29 	5.09 	3
-2.11 	8.24 	3
-1.00 	9.29 	3
-2.71 	1.10 	3
-4.17 	4.41 	3
-3.56 	7.19 	3
-3.52 	6.82 	3
-3.32 	2.20 	3
-1.38 	8.54 	8
-4.16 	5.70 	3
11.25 	-1.55 	4
10.21 	1.54 	4
-1.25 	10.07 	2
-4.08 	6.18 	3
-0.98 	10.08 	6
-2.14 	9.36 	3
-1.30 	9.83 	7
10.71 	0.63 	4
-1.25 	9.41 	10
-3.92 	6.40 	3
-6.95 	-3.88 	1
-3.20 	7.33 	3
-3.92 	6.43 	3
-1.94 	10.13 	5
11.24 	-1.59 	4
-2.13 	9.51 	9
-3.56 	7.11 	3
8.96 	2.90 	4
11.02 	-1.87 	4
10.80 	-2.66 	4
-2.12 	8.71 	3
10.18 	1.58 	4
-1.10 	-0.44 	3
-1.29 	9.36 	10
9.07 	2.81 	3
-1.54 	9.12 	3
10.45 	1.27 	4
-1.92 	10.24 	5
-6.57 	-3.56 	1
-2.06 	10.32 	5
11.09 	-1.84 	4
8.80 	3.04 	4
-2.52 	0.86 	3
-1.18 	10.84 	7
-0.75 	9.31 	3
-0.90 	9.10 	3
8.86 	2.99 	4
9.00 	2.87 	4
-3.39 	7.13 	3
10.64 	0.41 	4
11.04 	-1.99 	4
11.21 	-1.73 	4
-1.32 	9.91 	7
-1.29 	9.88 	7
10.90 	-2.54 	4
-3.38 	7.39 	3
-1.72 	8.89 	2
-3.12 	7.39 	3
-0.56 	9.23 	3
-6.76 	-3.26 	1
-3.52 	7.21 	3
-1.56 	9.28 	3
-4.03 	4.08 	3
-1.21 	10.75 	7
-4.16 	4.75 	3
10.10 	1.68 	4
-1.88 	10.10 	5
-1.40 	9.77 	6
-1.58 	9.25 	3
-3.44 	7.37 	3
11.13 	-0.64 	4
-3.48 	7.35 	3
9.49 	2.38 	4
9.70 	2.15 	4
-1.63 	9.21 	3
-1.13 	9.26 	3
-1.74 	9.89 	5
-1.99 	10.26 	5
-1.75 	9.94 	5
10.71 	0.66 	4
9.68 	2.18 	4
-1.18 	9.70 	7
10.47 	1.00 	4
11.12 	-0.43 	4
10.34 	1.29 	4
9.33 	2.56 	4
-3.44 	7.27 	3
9.81 	2.03 	4
-0.83 	9.03 	3
-1.78 	9.92 	5
-1.68 	9.64 	5
-2.39 	8.35 	3
9.80 	2.04 	4
-1.24 	9.89 	6
8.95 	2.91 	4
-1.51 	8.90 	3
-4.99 	-8.19 	1
-5.48 	-7.60 	1
-4.65 	-8.00 	1
-5.12 	-8.16 	1
-5.13 	-8.13 	1
-5.26 	-7.39 	1
-5.13 	-7.98 	1
-4.51 	-6.50 	1
-4.88 	-8.14 	1
-4.83 	-7.85 	1
-4.72 	-6.42 	1
-4.85 	-7.83 	1
-4.50 	-7.62 	1
-5.25 	-7.80 	1
-5.35 	-7.84 	1
-4.85 	-8.16 	1
-4.75 	-8.07 	1
-4.86 	-8.13 	1
-4.74 	-8.09 	1
-6.08 	-5.85 	1
-5.22 	-6.91 	1
-4.69 	-7.98 	1
-4.94 	-7.98 	1
-5.53 	-6.91 	1
-4.67 	-7.23 	1
-5.37 	-7.06 	1
-4.82 	-8.10 	1
-4.92 	-7.82 	1
-5.80 	-6.65 	1
-4.67 	-7.83 	1
-4.39 	-7.42 	1
1.14 	-2.78 	3
-4.57 	-7.30 	1
-1.93 	8.38 	2
-5.67 	-6.40 	1
-5.52 	-6.49 	1
-5.11 	-6.74 	1
-5.12 	-7.77 	1
-4.44 	-7.19 	1
-5.76 	-6.72 	1
-6.09 	-6.17 	1
-5.85 	-7.05 	1
-4.80 	-6.92 	1
-6.01 	-4.88 	1
-4.41 	-7.44 	1
-4.65 	-7.97 	1
-4.44 	-6.95 	1
-5.75 	-5.81 	1
-5.15 	-7.65 	1
-5.76 	-6.92 	1
-4.71 	-7.66 	1
-13.06 	5.74 	4
-4.66 	-5.77 	1
-13.51 	5.69 	4
-6.45 	-5.10 	1
-4.55 	-7.46 	1
-4.77 	-8.02 	1
-4.56 	-7.79 	1
-5.96 	-6.39 	1
-6.13 	-5.72 	1
-4.40 	-6.00 	1
-4.74 	-6.46 	1
-5.55 	-6.54 	1
-5.07 	-7.00 	1
-4.45 	-7.47 	1
-4.89 	-7.57 	1
-5.36 	-5.72 	1
-5.99 	-6.41 	1
-5.67 	-7.37 	1
-4.53 	-6.55 	1
-4.52 	-7.09 	1
-4.81 	-6.34 	1
-4.57 	-7.56 	1
-4.66 	-7.64 	1
-4.96 	-6.70 	1
-6.02 	-4.85 	1
-4.64 	-7.25 	1
-6.11 	-6.25 	1
-5.79 	-5.66 	1
-4.37 	-7.32 	1
-5.72 	-6.45 	1
-4.37 	-6.96 	1
0.32 	8.98 	3
-5.29 	-6.12 	1
-4.90 	-7.61 	1
10.56 	-1.77 	4
-11.48 	5.73 	4
-6.30 	-5.75 	1
-5.72 	-6.70 	1
-4.49 	-7.25 	1
-2.13 	8.77 	2
-5.90 	-6.29 	1
-12.16 	6.24 	4
-4.95 	-7.26 	1
-4.53 	-7.22 	1
-4.62 	-6.28 	1
0.14 	-1.48 	3
-4.24 	-6.69 	1
-4.94 	-6.01 	1
-6.09 	-6.32 	1
-4.57 	-7.76 	1
-1.71 	8.62 	2
-5.76 	-6.76 	1
0.95 	-2.55 	3
-13.24 	5.75 	4
-4.89 	-6.84 	1
10.92 	-2.17 	4
-13.10 	5.80 	4
-5.74 	-5.76 	1
10.90 	-2.23 	3
-5.55 	-5.30 	1
-12.53 	6.24 	4
-6.09 	-6.24 	1
1.16 	-2.80 	3
-3.77 	4.45 	3
0.73 	-2.28 	3
-0.72 	10.44 	6
-4.74 	-5.90 	1
-4.93 	-7.37 	1
-4.68 	-5.79 	1
-13.46 	5.74 	4
-6.18 	-5.76 	1
-5.11 	-6.48 	1
-12.18 	6.18 	4
-3.13 	2.89 	3
-4.34 	-6.22 	1
0.08 	-1.40 	3
-5.42 	-6.19 	1
-6.66 	-4.84 	1
-3.98 	5.37 	3
-12.66 	5.81 	4
-6.33 	-5.62 	1
0.84 	-2.42 	3
-1.09 	11.09 	6
-6.11 	-5.37 	1
-12.32 	5.78 	4
-11.24 	5.88 	4
-11.36 	5.90 	4
-6.64 	-4.65 	1
-12.10 	5.76 	4
-11.56 	5.65 	4
-13.45 	5.74 	4
-4.27 	-6.86 	1
-5.92 	-5.21 	1
-5.81 	-6.68 	1
-0.81 	10.47 	5
1.16 	-2.80 	3
-10.06 	5.59 	4
-1.95 	8.74 	2
-13.42 	5.68 	4
-12.00 	5.88 	4
-5.77 	-6.06 	1
-11.08 	6.05 	4
-0.75 	10.45 	6
-5.42 	-5.42 	1
-4.52 	-6.22 	1
-4.59 	-6.04 	1
0.86 	-2.43 	3
-1.60 	8.76 	2
-4.46 	-6.13 	1
9.96 	-2.84 	4
-4.71 	-6.28 	1
-6.25 	-4.58 	1
-6.10 	-6.05 	1
-13.47 	5.73 	4
-5.56 	-5.67 	1
-13.05 	6.04 	4
-4.96 	-6.18 	1
10.96 	-2.38 	4
-4.32 	-5.99 	1
1.11 	-2.75 	3
0.45 	9.39 	3
-4.90 	-5.93 	1
-6.37 	-4.57 	1
-0.66 	10.39 	6
-5.11 	-5.97 	1
-5.55 	-5.04 	1
-11.55 	6.09 	4
-5.79 	-5.44 	1
-4.24 	-6.41 	1
-12.05 	6.29 	4
-0.71 	10.48 	6
-1.41 	0.14 	3
-13.43 	5.74 	4
-12.33 	6.24 	4
-6.77 	-4.50 	1
-13.40 	5.78 	4
-6.53 	-4.10 	1
-2.06 	1.07 	3
11.00 	-2.25 	4
-5.10 	-5.50 	1
-5.60 	-4.86 	1
-10.99 	5.93 	4
-6.42 	-4.37 	1
-4.57 	-6.30 	1
-2.00 	0.72 	3
-12.30 	6.20 	4
-5.17 	-6.14 	1
-10.39 	5.72 	4
-11.52 	5.59 	4
-4.39 	-5.80 	1
11.14 	-0.56 	4
-6.24 	-4.69 	1
-6.63 	-4.13 	1
-6.06 	-5.81 	1
-12.99 	6.05 	4
-4.99 	-5.49 	1
-4.42 	-5.70 	1
11.18 	-1.04 	4
10.64 	-1.54 	4
-1.76 	8.92 	2
-2.39 	1.20 	3
9.12 	2.77 	5
-6.52 	-4.14 	1
9.67 	-2.68 	4
-0.16 	-1.13 	3
-3.39 	3.04 	3
10.76 	-2.72 	4
-11.03 	6.00 	3
-4.44 	-7.03 	1
0.94 	9.46 	1
0.89 	-2.48 	3
-5.89 	-5.01 	1
0.34 	9.05 	3
10.53 	-2.22 	4
-5.92 	-4.96 	1
-6.44 	-4.14 	1
-4.30 	-6.21 	1
-6.32 	-5.87 	1
0.72 	9.07 	3
-4.65 	-5.68 	1
-12.27 	6.25 	4
-4.91 	-5.70 	1
0.77 	-2.31 	3
-4.44 	-6.35 	1
10.25 	-2.46 	4
1.03 	13.36 	8
-10.67 	5.44 	4
-11.10 	5.41 	4
0.75 	-2.30 	3
-6.05 	-4.87 	1
-2.28 	1.27 	3
-4.86 	-6.36 	1
0.03 	8.86 	3
0.63 	-2.15 	3
9.88 	-2.87 	4
-11.61 	5.59 	4
-10.73 	5.51 	4
-10.34 	5.74 	4
-10.36 	5.76 	3
-12.58 	6.25 	4
0.94 	9.29 	3
9.99 	-2.43 	4
-10.78 	5.42 	4
0.61 	9.37 	3
-12.05 	6.16 	4
-11.96 	5.79 	4
-6.54 	-5.12 	1
9.83 	-2.55 	4
-10.23 	5.79 	4
-1.39 	0.15 	3
-6.55 	-4.55 	1
-12.42 	6.15 	4
-1.73 	8.70 	2
-0.78 	10.30 	6
-5.47 	-4.85 	1
1.01 	9.32 	3
-4.37 	-6.08 	1
-11.33 	6.14 	4
-10.90 	5.91 	4
1.08 	9.10 	3
-4.96 	-6.13 	1
-1.07 	-0.24 	3
-2.16 	8.87 	2
-10.13 	5.71 	4
-5.56 	-5.71 	1
0.77 	-2.31 	3
1.03 	9.23 	3
-11.71 	6.11 	4
-3.54 	3.41 	3
-1.17 	-0.08 	3
11.05 	-0.15 	4
-1.09 	11.08 	6
-5.02 	-5.74 	1
-1.85 	8.84 	2
-11.42 	6.02 	4
-3.27 	2.91 	3
0.26 	9.53 	3
-5.26 	-5.02 	1
0.09 	9.31 	3
-3.84 	4.55 	3
-0.88 	10.53 	5
-4.24 	-5.97 	1
-0.81 	-0.34 	3
-3.73 	5.36 	3
-6.35 	-5.42 	1
-11.75 	6.23 	4
10.14 	1.64 	4
0.92 	9.22 	3
10.22 	1.53 	3
-6.78 	-3.88 	1
0.95 	9.03 	3
-1.67 	9.06 	2
9.79 	-2.73 	4
-1.69 	8.89 	2
-4.44 	-6.30 	1
0.05 	8.43 	2
0.09 	-1.43 	3
-0.25 	-1.04 	3
-12.16 	6.23 	4
-1.58 	10.48 	5
1.03 	9.11 	3
10.43 	-3.08 	4
9.74 	-2.72 	4
-2.32 	1.43 	3
0.89 	9.53 	1
-0.86 	-0.34 	3
-0.09 	8.53 	2
-1.95 	0.68 	3
-1.59 	0.37 	3
10.14 	-2.94 	4
0.88 	9.27 	3
-12.25 	6.15 	4
-2.05 	9.73 	9
-3.80 	3.88 	3
-1.96 	8.93 	2
0.79 	8.76 	3
10.77 	-1.36 	4
8.85 	3.00 	3
-2.15 	0.74 	3
-1.78 	8.63 	2
-11.83 	6.28 	4
-6.67 	-4.61 	1
0.61 	8.81 	3
0.87 	9.09 	3
10.63 	-0.50 	4
-1.94 	0.62 	3
-2.59 	1.36 	3
-6.55 	-5.11 	1
10.83 	0.43 	4
0.32 	9.49 	3
0.99 	8.92 	3
-13.23 	5.77 	4
-3.87 	4.78 	3
-1.91 	8.43 	2
-2.01 	1.13 	3
-3.67 	4.20 	3
-3.71 	5.89 	3
-1.66 	9.31 	4
-10.50 	5.76 	4
-10.61 	5.44 	4
-2.02 	0.47 	3
0.06 	-1.36 	3
-4.32 	-5.76 	1
-5.73 	-5.08 	1
-13.49 	5.71 	4
0.98 	-2.60 	3
-0.58 	-0.70 	3
-12.37 	6.27 	4
0.08 	-1.41 	3
-5.14 	-5.14 	1
-1.88 	8.41 	2
-4.66 	-6.14 	1
-11.59 	5.82 	4
-0.71 	-0.49 	3
0.89 	8.96 	3
-11.69 	5.63 	4
-3.08 	2.35 	3
-3.81 	4.69 	3
0.56 	-2.04 	3
10.86 	-2.60 	4
-3.05 	2.48 	3
1.10 	13.45 	8
-1.91 	9.15 	2
-1.51 	10.48 	5
-1.13 	-0.18 	3
-10.08 	5.69 	4
-3.51 	6.56 	3
-1.79 	8.75 	2
-11.24 	6.08 	4
-1.50 	8.52 	2
0.72 	8.64 	3
9.68 	2.17 	4
-3.76 	5.17 	3
-5.33 	-5.04 	1
-2.69 	1.74 	3
10.73 	-2.58 	4
-0.20 	9.06 	3
-11.08 	5.74 	4
-0.48 	-0.78 	3
9.81 	-2.81 	4
0.88 	8.89 	3
-4.60 	-5.48 	1
-1.20 	-0.12 	3
11.19 	-0.67 	4
-5.48 	-4.85 	1
-2.28 	1.29 	3
-2.41 	0.95 	3
-2.93 	1.87 	3
1.14 	-2.78 	3
10.55 	-3.00 	4
0.39 	9.51 	3
11.25 	-1.55 	4
-3.77 	3.92 	3
-0.74 	-0.57 	3
-5.50 	-5.01 	1
0.31 	8.96 	3
-11.22 	6.10 	4
0.85 	9.21 	3
-1.36 	-0.08 	3
-11.03 	5.98 	4
11.18 	-1.28 	4
-2.08 	9.59 	9
10.78 	-0.21 	4
-6.37 	-3.81 	1
10.95 	-1.56 	4
0.97 	9.17 	3
10.20 	-2.62 	4
-12.17 	6.28 	4
0.38 	8.80 	3
-0.29 	-0.99 	3
11.04 	-0.42 	4
-1.86 	0.96 	3
-1.61 	0.25 	3
-2.93 	2.17 	3
-3.87 	4.07 	3
0.78 	-2.32 	3
-10.52 	5.56 	4
-11.32 	6.06 	4
-1.62 	0.28 	3
-3.15 	2.19 	3
-11.35 	5.95 	4
-1.13 	10.99 	5
-2.18 	0.94 	3
11.18 	-1.69 	4
-3.19 	2.10 	3
0.51 	8.69 	3
-1.29 	10.36 	5
0.10 	-1.44 	3
-5.50 	-4.70 	1
0.53 	9.48 	3
-0.88 	10.39 	6
-1.81 	0.40 	3
10.27 	1.48 	4
9.14 	2.74 	4
-0.36 	-0.93 	3
-1.66 	10.49 	5
-0.05 	-1.26 	3
0.97 	9.06 	3
-1.42 	8.76 	2
-2.21 	1.19 	3
-3.28 	2.42 	3
-5.02 	-5.26 	1
0.50 	8.92 	3
-0.44 	-0.82 	3
-1.92 	0.38 	3
-2.83 	1.68 	3
-1.75 	0.57 	3
0.80 	9.09 	3
1.10 	-2.73 	3
0.96 	8.91 	3
-3.84 	5.15 	3
-0.82 	-0.46 	3
-12.80 	6.11 	4
-13.09 	5.99 	4
10.36 	-2.72 	4
-6.06 	-5.59 	1
-2.41 	1.14 	3
-2.05 	8.25 	3
-3.84 	4.09 	3
0.35 	9.53 	3
-2.62 	1.57 	3
-5.29 	-5.05 	1
-3.44 	2.34 	3
10.66 	-2.75 	4
-13.47 	5.72 	4
-1.54 	9.15 	2
-4.52 	-5.53 	1
0.78 	-2.35 	3
-1.46 	0.08 	3
-10.08 	5.65 	4
-3.18 	2.61 	3
-6.90 	-3.26 	1
-2.83 	1.41 	8
-3.36 	2.79 	3
-1.78 	0.42 	3
10.92 	0.18 	4
-1.81 	0.38 	3
11.16 	-0.75 	4
-0.32 	9.09 	3
0.34 	8.96 	3
-3.91 	5.74 	3
-11.68 	5.88 	4
-3.42 	2.28 	3
-4.58 	-6.13 	1
0.60 	9.35 	3
0.09 	-1.42 	3
-4.26 	5.41 	3
-1.60 	0.72 	3
-3.48 	3.11 	3
-10.01 	5.63 	4
-2.75 	1.28 	3
9.15 	2.73 	4
10.90 	-0.36 	4
-3.74 	5.79 	3
-3.31 	3.31 	3
-10.77 	5.42 	4
-3.61 	6.57 	3
-2.71 	1.78 	3
-3.22 	2.71 	3
-3.78 	5.71 	3
-2.90 	2.13 	3
-3.89 	6.22 	3
-10.34 	5.75 	4
-12.33 	6.25 	4
-0.88 	10.25 	6
-1.21 	10.31 	5
-0.71 	10.23 	6
-1.11 	11.05 	6
8.95 	2.90 	4
0.64 	8.67 	3
0.47 	8.85 	3
-1.19 	10.09 	6
0.46 	9.17 	3
-5.70 	-5.37 	1
-3.33 	7.10 	3
10.88 	-2.43 	4
0.32 	9.45 	3
0.99 	13.33 	8
-0.74 	10.54 	6
9.52 	2.35 	4
-1.76 	9.01 	2
-0.44 	-0.84 	3
10.98 	-2.42 	4
-3.13 	2.19 	3
-6.57 	-4.46 	1
-5.77 	-4.27 	1
-3.84 	3.90 	3
-2.74 	1.62 	3
-0.01 	9.09 	3
-1.01 	9.13 	3
10.44 	-3.16 	4
-3.85 	5.72 	3
-2.02 	0.64 	3
-4.10 	5.41 	3
0.25 	8.50 	3
0.59 	8.85 	3
-1.05 	-0.45 	3
10.76 	0.61 	4
-2.14 	0.69 	3
-6.02 	-4.07 	1
-3.52 	2.93 	3
-10.44 	5.52 	4
-0.87 	10.22 	6
10.71 	-0.40 	4
10.25 	1.50 	4
-3.08 	2.29 	3
0.49 	9.23 	3
-3.64 	3.28 	3
-6.86 	-4.22 	1
-3.85 	4.12 	3
1.06 	13.41 	8
-1.15 	10.97 	2
-0.71 	10.42 	6
-1.88 	0.51 	3
-3.93 	5.31 	3
-3.86 	5.28 	3
-2.86 	1.72 	3
-1.26 	-0.08 	3
-6.39 	-4.03 	1
-2.37 	1.03 	3
9.73 	2.12 	2
-3.05 	7.50 	3
10.90 	-1.61 	4
-2.53 	7.89 	3
0.12 	8.81 	3
-1.25 	-0.12 	3
-4.13 	5.37 	3
10.44 	-2.31 	4
-2.28 	0.87 	3
-1.22 	10.13 	7
-3.91 	3.69 	3
11.24 	-1.44 	4
-2.15 	8.68 	2
-3.77 	5.91 	3
-5.72 	-4.38 	1
-3.65 	3.53 	3
0.31 	8.87 	3
-10.76 	5.86 	4
-4.09 	4.73 	3
11.19 	-0.78 	4
8.97 	2.91 	4
-5.51 	-4.85 	1
9.77 	-2.81 	4
-2.47 	1.23 	3
-2.10 	9.51 	5
0.52 	8.84 	3
-3.48 	3.48 	3
-3.79 	3.83 	3
-3.84 	6.44 	3
-1.29 	-0.17 	3
-1.66 	9.10 	2
-5.71 	-4.36 	1
9.87 	1.95 	4
10.83 	0.54 	4
-3.58 	6.45 	3
-5.34 	-5.05 	1
-0.80 	10.19 	6
-3.60 	3.02 	3
-5.48 	-4.95 	1
-3.02 	1.39 	3
-3.83 	4.87 	3
-6.66 	-4.38 	1
1.05 	13.40 	8
-2.17 	0.75 	3
-3.57 	6.03 	3
-6.43 	-3.59 	1
-3.45 	2.75 	3
-3.64 	3.43 	3
-1.76 	8.95 	3
-1.55 	9.27 	11
-1.41 	0.19 	3
-3.25 	2.41 	3
-3.45 	2.30 	3
-1.85 	9.08 	2
0.37 	8.53 	3
-2.85 	1.22 	3
9.62 	2.24 	3
-9.91 	5.61 	4
-3.90 	4.52 	3
-0.34 	-0.95 	3
-3.47 	6.72 	3
-4.08 	4.41 	3
11.20 	-1.55 	4
-2.84 	1.38 	3
-3.36 	2.53 	3
-6.49 	-4.89 	1
-0.14 	8.80 	3
10.47 	1.18 	5
0.91 	9.19 	3
-5.52 	-4.67 	1
-6.60 	-4.26 	1
-3.60 	6.31 	3
-1.65 	8.45 	3
-3.20 	1.77 	3
-5.89 	-4.59 	1
-3.22 	2.05 	3
-2.15 	8.41 	3
9.23 	2.66 	6
-3.96 	5.33 	3
-6.64 	-3.51 	1
-3.85 	6.29 	3
11.04 	-0.61 	4
-1.15 	10.78 	3
-2.06 	0.76 	3
9.84 	-2.77 	4
-1.41 	0.02 	3
-4.06 	4.63 	3
-4.19 	5.29 	3
11.02 	-1.82 	4
-5.66 	-4.72 	1
-3.98 	4.85 	3
-3.57 	2.83 	3
-5.55 	-4.91 	1
-1.36 	8.61 	2
-4.02 	6.35 	3
-0.10 	-1.22 	3
-3.67 	3.84 	3
-0.90 	10.63 	6
-1.77 	9.07 	4
-12.34 	6.13 	4
-4.14 	5.65 	3
-1.45 	8.76 	2
0.43 	9.37 	3
-10.05 	5.60 	4
-3.83 	5.84 	3
0.28 	9.58 	3
-4.02 	5.05 	3
-3.87 	5.45 	3
-6.52 	-3.61 	1
-1.59 	9.31 	8
-1.10 	11.09 	6
11.10 	-0.52 	4
-6.07 	-3.97 	1
-5.66 	-4.45 	1
-3.09 	1.72 	3
10.92 	-0.88 	4
-3.25 	2.45 	3
10.28 	1.46 	4
-1.88 	8.44 	4
-3.24 	2.31 	3
-1.70 	0.18 	3
-0.03 	9.07 	3
0.38 	8.73 	3
8.81 	3.03 	6
-4.85 	-5.18 	1
11.00 	-0.17 	4
-12.31 	6.26 	4
-6.07 	-4.12 	1
10.29 	1.46 	4
0.41 	-1.81 	3
-0.84 	10.16 	6
-5.41 	-4.81 	1
-3.96 	3.74 	3
0.25 	8.82 	3
10.90 	-2.36 	4
-4.01 	4.99 	3
-3.71 	5.91 	3
9.94 	-2.85 	4
-2.47 	0.89 	3
-3.59 	6.88 	3
-6.83 	-3.99 	1
-3.70 	3.86 	3
-3.70 	2.78 	3
-2.89 	2.08 	3
10.46 	-2.25 	4
-3.97 	4.05 	3
10.76 	0.21 	4
-0.36 	9.10 	3
-3.77 	6.07 	3
-3.34 	7.07 	3
9.20 	2.69 	3
-5.17 	-4.90 	1
0.32 	9.18 	3
-5.83 	-4.42 	1
-6.97 	-4.00 	1
11.09 	-0.75 	4
-6.95 	-4.03 	1
-6.20 	-3.79 	3
-3.68 	7.07 	3
0.10 	8.80 	3
-2.03 	8.41 	3
-2.24 	1.16 	3
-1.40 	9.75 	6
-6.96 	-3.85 	1
-6.51 	-3.60 	1
-2.78 	1.32 	3
-6.67 	-4.31 	1
-2.25 	1.06 	3
-0.87 	-0.55 	3
10.57 	0.74 	4
-2.90 	2.11 	3
0.00 	8.84 	3
-2.02 	10.31 	5
-6.81 	-3.39 	1
-3.49 	2.23 	3
-0.90 	9.22 	3
-1.11 	9.22 	3
-0.07 	9.11 	3
-4.01 	5.23 	3
-1.20 	-0.22 	3
-2.90 	1.58 	3
-2.08 	9.59 	9
-0.04 	8.88 	3
-2.75 	1.23 	3
-3.83 	6.33 	3
-0.89 	-0.59 	3
-3.01 	7.41 	3
-1.36 	9.31 	6
-3.60 	6.92 	3
-3.81 	6.36 	3
-1.54 	9.49 	3
-4.19 	6.02 	3
-2.03 	8.60 	3
-1.94 	8.78 	3
-0.09 	8.94 	3
-3.08 	7.67 	3
-4.16 	5.18 	3
-3.41 	2.20 	3
-3.44 	7.39 	3
-3.94 	3.66 	3
-4.29 	5.15 	3
-2.65 	1.15 	3
10.92 	0.28 	5
10.70 	-2.85 	4
11.18 	-0.65 	4
-0.47 	9.05 	3
-11.60 	5.90 	4
-2.22 	0.56 	3
10.20 	1.57 	4
-1.48 	9.20 	2
-6.47 	-4.34 	1
-3.94 	5.21 	3
-6.76 	-3.77 	1
0.22 	9.01 	3
11.03 	-0.16 	4
-0.81 	9.14 	3
0.92 	13.26 	8
-6.54 	-3.50 	1
9.86 	1.97 	4
-3.57 	3.28 	3
-2.63 	7.73 	3
10.63 	-1.69 	4
10.32 	-2.44 	4
-6.90 	-3.83 	1
-3.98 	6.55 	3
-3.72 	6.70 	3
-2.51 	0.93 	3
-3.21 	1.89 	3
-1.67 	9.03 	2
-4.01 	6.27 	3
-1.22 	9.24 	10
-6.96 	-3.97 	1
-3.99 	4.93 	3
-3.90 	5.40 	3
-1.28 	9.96 	6
-1.97 	10.35 	5
9.99 	1.81 	4
-6.47 	-3.63 	1
-2.01 	8.66 	2
11.11 	-0.33 	4
-3.33 	2.16 	3
-3.38 	2.20 	3
-3.75 	6.57 	3
10.86 	-0.02 	4
-2.08 	10.34 	5
9.70 	2.15 	3
-6.54 	-3.71 	1
-1.36 	9.35 	10
-0.03 	8.67 	3
-4.17 	5.77 	3
-1.00 	10.64 	5
-0.53 	8.99 	3
-2.27 	0.58 	3
-3.73 	6.45 	3
-4.03 	4.92 	3
-4.24 	5.48 	3
-1.13 	-0.33 	3
-1.44 	8.81 	2
-1.10 	10.24 	7
-3.85 	3.23 	3
11.16 	-1.85 	4
-0.77 	9.22 	3
-2.80 	7.87 	3
-1.99 	10.22 	5
-3.96 	3.63 	3
-3.23 	7.22 	3
-4.21 	6.02 	3
-3.99 	6.34 	3
-6.98 	-3.85 	1
-1.89 	10.07 	5
-0.56 	9.14 	3
-4.28 	6.01 	3
9.83 	2.00 	4
10.73 	0.22 	4
-1.10 	-0.46 	3
10.03 	1.76 	4
-4.16 	5.28 	3
10.37 	-3.11 	4
10.62 	-2.87 	4
-6.91 	-3.69 	1
10.98 	-0.23 	4
10.32 	1.42 	4
11.10 	-0.44 	4
-2.10 	9.54 	9
-1.43 	9.82 	7
-2.95 	1.28 	3
-1.45 	9.37 	3
-1.49 	9.61 	3
-2.02 	10.24 	5
10.80 	-2.17 	4
-1.38 	9.94 	7
-2.05 	10.25 	5
-4.13 	6.21 	3
-4.11 	5.99 	3
-1.23 	9.40 	14
-1.60 	9.36 	3
-2.83 	7.89 	3
10.92 	-0.85 	4
11.21 	-1.50 	4
10.32 	1.37 	4
11.08 	-2.03 	4
10.84 	-2.69 	4
-4.18 	5.29 	3
-4.28 	4.75 	3
-7.00 	-3.88 	1
9.92 	1.89 	4
11.17 	-0.80 	4
10.72 	-2.04 	4
-1.11 	9.99 	7
-1.64 	9.13 	2
-1.95 	10.16 	5
-1.42 	9.37 	9
0.07 	8.72 	3
-1.59 	9.46 	10
-2.14 	8.34 	3
-6.64 	-3.42 	1
8.98 	2.88 	4
-2.05 	10.29 	5
-1.34 	9.88 	7
8.87 	2.99 	3
10.32 	1.42 	4
9.05 	2.83 	4
-1.24 	9.82 	7
-1.28 	10.66 	1
-1.17 	9.33 	14
10.33 	1.13 	4
-1.29 	10.68 	5
10.82 	0.53 	4
10.50 	0.92 	4
-1.14 	10.84 	7
-1.61 	9.42 	2
9.39 	2.49 	4
-2.01 	10.22 	5
10.99 	-0.06 	4
11.10 	-0.53 	4
-1.63 	9.05 	2
-2.08 	9.54 	9
10.90 	0.20 	4
10.94 	-0.09 	4
10.57 	0.92 	4
10.61 	0.95 	4
-1.70 	9.75 	5
10.13 	1.65 	4
-1.07 	9.88 	6
10.60 	0.94 	4
-2.10 	8.70 	3
9.71 	2.15 	4
-1.93 	10.11 	5
-1.32 	9.89 	7
-0.76 	9.23 	3
-1.93 	10.07 	5
-1.89 	10.10 	5
10.55 	1.07 	4
-2.02 	10.28 	5
10.46 	1.16 	4
9.74 	2.11 	4
-2.83 	7.92 	3
9.86 	1.96 	4
10.13 	1.65 	4
-1.75 	9.83 	5
8.81 	3.04 	4
8.72 	3.12 	5
9.75 	2.10 	4
-5.15 	-7.96 	1
-4.93 	-7.85 	1
-5.42 	-7.68 	1
-5.32 	-7.85 	1
-5.19 	-8.18 	1
-5.95 	-6.62 	1
-4.64 	-7.20 	1
-5.58 	-6.88 	1
-5.06 	-8.23 	1
-4.69 	-7.70 	1
-5.37 	-7.68 	1
-4.89 	-6.87 	1
-4.94 	-7.51 	1
-4.76 	-7.29 	1
-5.09 	-8.14 	1
-4.81 	-7.71 	1
-5.65 	-6.56 	1
-4.55 	-6.67 	1
-6.13 	-6.35 	1
-4.68 	-7.84 	1
-6.43 	-4.96 	1
-4.43 	-7.55 	1
-4.33 	-7.22 	1
-5.11 	-6.66 	1
-5.22 	-6.63 	1
-5.49 	-7.11 	1
-4.74 	-7.69 	1
-5.13 	-7.09 	1
-6.08 	-6.45 	1
-1.78 	9.03 	2
-5.65 	-6.56 	1
-5.56 	-6.45 	1
-4.98 	-6.70 	1
-5.04 	-7.15 	1
-5.76 	-6.80 	1
-5.97 	-6.58 	1
-4.76 	-5.88 	1
-4.58 	-7.55 	1
-6.01 	-5.50 	1
-11.23 	5.90 	4
-6.20 	-5.98 	1
-12.92 	6.02 	4
-4.80 	-7.26 	1
-6.68 	-4.69 	1
0.95 	-2.57 	3
-5.19 	-7.03 	1
-1.88 	8.77 	2
-4.82 	-6.87 	1
-4.44 	-6.66 	1
-1.78 	8.36 	2
-4.81 	-7.60 	1
0.58 	9.40 	3
-4.74 	-7.53 	1
-4.48 	-6.24 	1
-6.16 	-5.64 	1
-4.51 	-7.74 	1
-4.63 	-7.86 	1
-12.14 	5.71 	4
-4.94 	-6.71 	1
-4.91 	-6.84 	1
-5.59 	-7.41 	1
-4.66 	-7.24 	1
-4.74 	-7.30 	1
-5.02 	-5.53 	1
-4.50 	-7.30 	1
-5.02 	-5.76 	1
-1.79 	8.61 	2
-5.67 	-6.85 	1
-4.71 	-5.53 	1
-6.24 	-5.67 	1
-13.18 	5.80 	4
-4.67 	-6.87 	1
-4.36 	-7.29 	1
-6.14 	-5.77 	1
-4.82 	-6.43 	1
-4.81 	-7.35 	1
-4.79 	-6.70 	1
-5.36 	-7.61 	1
-0.86 	-0.33 	3
-4.35 	-6.63 	1
-5.88 	-6.53 	1
-1.66 	8.73 	2
-4.41 	-5.87 	1
0.15 	-1.49 	3
1.04 	9.25 	3
-5.72 	-6.06 	1
-5.79 	-6.81 	1
-5.79 	-6.52 	1
1.04 	-2.66 	3
-6.26 	-5.94 	1
-5.29 	-6.30 	1
-13.09 	5.97 	4
-5.53 	-6.59 	1
-13.23 	5.82 	4
-13.55 	5.66 	4
-11.36 	5.91 	4
-12.06 	5.84 	4
-11.70 	6.12 	4
8.79 	3.05 	2
-3.69 	5.58 	3
-4.39 	-7.47 	1
-5.91 	-5.28 	1
-4.40 	-6.68 	1
-1.98 	8.96 	2
-13.54 	5.65 	4
-5.05 	-6.31 	1
-0.74 	-0.47 	3
-5.76 	-6.28 	1
-6.70 	-4.69 	1
-6.07 	-5.91 	1
-4.37 	-5.75 	1
-12.31 	5.76 	4
-4.60 	-5.98 	1
-6.46 	-4.29 	1
-4.83 	-6.87 	1
-1.52 	0.10 	3
-13.23 	5.94 	4
-1.80 	8.69 	2
-2.53 	1.69 	6
-6.23 	-5.88 	1
0.86 	8.81 	3
-4.50 	-6.29 	1
-6.15 	-6.08 	1
-11.40 	5.53 	4
-4.65 	-6.51 	1
-4.36 	-6.32 	1
-6.29 	-5.83 	1
-5.69 	-6.20 	1
-6.55 	-4.98 	1
-1.73 	8.95 	2
-6.16 	-5.11 	1
-12.37 	6.19 	4
-6.05 	-6.18 	1
-11.38 	5.86 	4
-4.74 	-6.12 	1
-11.77 	5.69 	4
-5.99 	-5.49 	1
-12.16 	6.16 	4
-4.82 	-7.49 	1
-10.69 	5.56 	4
10.01 	-2.82 	4
-5.61 	-5.75 	1
-4.76 	-6.34 	1
-1.93 	8.60 	2
0.79 	8.94 	3
-6.37 	-5.51 	1
-4.48 	-6.49 	1
-5.93 	-5.52 	1
-4.25 	-6.41 	1
1.08 	8.87 	3
-1.42 	0.11 	3
-1.94 	0.89 	3
1.00 	-2.62 	3
-0.49 	-0.78 	3
-4.71 	-7.33 	1
1.06 	-2.68 	3
-6.22 	-5.68 	1
-1.79 	8.58 	2
-13.46 	5.72 	4
-0.99 	-0.18 	3
10.10 	-2.26 	4
-12.33 	6.19 	4
-10.90 	5.84 	4
-4.20 	-6.44 	1
-5.71 	-4.91 	1
-0.18 	-1.12 	3
0.70 	9.05 	3
-0.36 	-0.92 	3
10.98 	-1.92 	4
-4.49 	-6.19 	1
-5.51 	-5.56 	1
0.19 	-1.54 	3
-6.67 	-3.78 	1
0.90 	9.07 	3
-5.99 	-6.17 	1
-4.92 	-6.75 	1
10.84 	-2.67 	1
0.89 	8.99 	3
-4.30 	-6.15 	1
-1.59 	8.77 	2
0.51 	9.28 	3
-6.33 	-5.49 	1
-1.98 	9.08 	2
-6.22 	-4.56 	1
0.78 	-2.33 	3
1.02 	-2.64 	3
-5.49 	-5.43 	1
-1.77 	8.91 	4
-3.93 	4.30 	3
-5.00 	-5.98 	1
10.24 	1.52 	3
-1.81 	9.19 	2
11.12 	-0.35 	4
10.17 	-2.85 	4
-4.85 	-5.65 	1
-11.96 	6.31 	4
-6.52 	-4.48 	1
-5.61 	-5.52 	1
-6.79 	-4.43 	1
-6.59 	-3.81 	1
9.73 	-2.68 	4
-1.75 	8.76 	2
-2.11 	8.74 	2
1.05 	8.96 	3
9.84 	-2.78 	4
0.12 	-1.42 	3
-5.70 	-5.09 	1
-10.48 	5.43 	4
0.65 	-2.16 	3
0.92 	8.85 	3
-6.11 	-5.77 	1
-1.47 	9.04 	2
-5.11 	-5.52 	1
-4.94 	-5.11 	1
9.99 	-2.49 	4
-0.40 	-0.88 	3
-1.26 	-0.09 	3
-11.62 	6.19 	4
-4.68 	-5.91 	1
1.08 	13.43 	8
-0.20 	-1.09 	3
-1.09 	-0.14 	3
-11.08 	5.77 	4
-4.91 	-5.73 	1
-12.14 	5.71 	4
-11.38 	6.11 	4
-12.02 	6.02 	4
-4.78 	-6.50 	1
-11.99 	5.84 	4
-1.76 	8.89 	2
0.14 	-1.48 	3
0.78 	9.09 	3
-6.40 	-4.19 	1
-5.83 	-4.84 	1
-1.26 	8.61 	2
-10.72 	5.42 	4
-3.63 	6.65 	7
-2.59 	1.66 	3
-3.98 	4.34 	3
9.73 	-2.67 	4
1.19 	-2.83 	3
-4.69 	-5.81 	1
-11.24 	5.87 	4
-10.96 	6.02 	4
-1.75 	0.19 	3
0.69 	-2.22 	3
0.82 	-2.38 	3
-3.10 	2.30 	3
0.93 	8.75 	3
-1.16 	-0.22 	3
-11.29 	5.85 	4
0.18 	-1.53 	3
-3.48 	3.36 	3
10.46 	-2.33 	4
-0.75 	10.24 	6
-0.58 	-0.73 	3
-11.70 	6.23 	4
-3.86 	5.47 	3
0.20 	-1.56 	3
-2.17 	8.10 	3
1.05 	13.40 	8
0.66 	9.01 	3
-11.54 	5.77 	4
-11.47 	5.52 	4
11.20 	-1.08 	4
1.02 	9.04 	3
0.59 	9.45 	3
9.77 	-2.77 	4
-5.84 	-4.84 	1
-6.25 	-5.01 	1
1.01 	9.15 	3
-6.60 	-4.43 	1
-3.58 	6.16 	3
0.92 	9.29 	3
10.17 	-3.00 	4
-0.47 	-0.81 	3
-5.29 	-5.43 	1
-2.11 	8.91 	2
-11.02 	5.70 	4
-3.87 	5.13 	3
8.93 	2.94 	4
-13.00 	6.05 	4
-1.46 	8.70 	11
0.63 	9.23 	3
-9.99 	5.59 	4
9.83 	-2.82 	4
-5.49 	-5.18 	1
-3.54 	3.72 	3
-12.77 	5.88 	4
0.69 	-2.21 	3
10.42 	1.06 	4
-4.76 	-5.28 	1
10.02 	-2.43 	4
-0.31 	-0.97 	3
-12.09 	6.28 	4
-2.07 	8.89 	2
0.21 	-1.57 	3
10.90 	-1.66 	4
10.57 	1.01 	4
-6.19 	-5.05 	1
-10.75 	5.43 	4
-0.77 	-0.51 	3
-0.69 	10.34 	6
-1.86 	0.45 	3
-1.76 	0.38 	3
-12.83 	6.13 	4
0.70 	9.04 	3
-12.36 	6.23 	4
10.77 	-2.67 	4
-2.83 	1.87 	3
0.74 	8.87 	3
-10.14 	5.59 	4
10.90 	0.28 	4
0.42 	9.43 	3
0.37 	9.21 	3
0.38 	9.46 	3
0.99 	9.08 	3
-4.30 	-5.98 	1
-1.35 	0.03 	3
-3.64 	6.35 	3
-12.85 	6.02 	4
-1.44 	8.74 	2
-12.99 	5.86 	4
-10.37 	5.76 	4
-3.82 	4.84 	3
-2.94 	1.65 	3
10.37 	1.29 	6
-2.72 	1.64 	3
11.14 	-0.62 	4
-11.20 	6.07 	4
-1.03 	-0.35 	3
0.62 	9.32 	3
-3.84 	5.12 	3
-1.34 	-0.03 	3
-0.39 	9.20 	3
-0.38 	-0.89 	3
-10.80 	5.72 	4
-0.25 	-1.04 	3
-3.61 	6.27 	3
-1.67 	8.91 	2
11.02 	-0.25 	4
-6.38 	-4.46 	1
-1.08 	11.08 	6
-11.60 	6.05 	4
-5.01 	-5.46 	1
-11.20 	6.12 	4
10.21 	-2.62 	4
10.37 	-2.59 	4
-0.38 	-0.91 	3
10.14 	-2.90 	4
-2.77 	1.74 	3
1.02 	9.12 	3
-1.70 	9.33 	2
10.17 	-2.35 	4
-5.46 	-5.53 	1
-6.80 	-4.20 	1
10.73 	-2.81 	4
-4.99 	-5.63 	1
0.27 	9.54 	3
-0.94 	-0.30 	3
0.11 	9.10 	3
9.94 	-2.67 	4
-1.45 	0.27 	3
-11.27 	6.16 	4
-5.35 	-4.83 	1
-1.43 	0.39 	3
-3.90 	5.01 	3
-6.63 	-3.84 	1
1.12 	-2.76 	3
-2.91 	1.73 	3
-6.24 	-4.37 	1
-3.86 	4.57 	3
-10.16 	5.50 	4
9.85 	-2.77 	4
-2.95 	2.05 	3
-3.75 	3.61 	3
-1.48 	10.35 	5
-3.64 	3.53 	3
-1.66 	9.32 	2
11.08 	-2.01 	4
-6.98 	-3.89 	1
-1.66 	0.03 	3
-5.62 	-4.45 	1
-0.18 	8.92 	3
-12.82 	6.09 	4
11.05 	-0.19 	4
-11.45 	5.96 	4
-10.57 	5.41 	4
-2.92 	2.20 	3
-0.51 	-0.77 	3
0.73 	9.22 	3
-11.73 	6.26 	4
-1.29 	10.28 	5
0.75 	8.82 	3
-3.68 	3.48 	3
0.37 	9.39 	3
-3.97 	3.98 	3
-3.69 	3.63 	3
10.76 	-1.26 	4
-2.18 	8.24 	3
-3.70 	6.44 	3
0.85 	13.14 	8
0.71 	9.19 	3
-0.65 	-0.67 	3
-5.59 	-4.49 	1
-4.55 	-5.93 	1
-6.36 	-4.15 	1
-4.04 	4.66 	3
-0.95 	-0.47 	3
-3.60 	3.61 	3
-0.18 	9.25 	3
0.26 	8.77 	3
-1.84 	9.03 	2
-5.08 	-5.83 	1
0.19 	-1.54 	3
-3.57 	3.45 	3
1.01 	-2.63 	3
-6.17 	-4.44 	1
-2.38 	1.29 	3
-12.38 	6.24 	4
0.90 	-2.49 	3
10.59 	-2.96 	4
-1.52 	0.23 	3
0.18 	9.18 	3
-3.21 	2.73 	3
-0.11 	8.89 	3
10.89 	-1.30 	4
-2.72 	1.16 	3
-10.48 	5.71 	4
11.03 	-2.38 	4
-1.47 	0.06 	3
-2.52 	1.02 	3
-2.14 	0.87 	3
0.92 	8.73 	3
-1.82 	8.79 	2
-3.62 	6.25 	3
0.22 	-1.58 	3
-3.60 	3.34 	3
-3.32 	6.86 	3
-3.65 	3.42 	3
0.29 	-1.65 	3
-1.15 	9.29 	3
0.44 	9.05 	3
0.30 	9.15 	3
-6.55 	-4.78 	1
-1.24 	-0.14 	3
0.42 	9.52 	3
-3.22 	1.93 	3
-0.64 	10.25 	6
11.09 	-0.34 	4
1.06 	13.41 	8
11.24 	-1.05 	4
-3.34 	2.30 	3
-3.08 	2.68 	3
-0.90 	10.45 	6
-2.89 	1.87 	3
-1.13 	11.00 	7
-3.90 	4.60 	3
-5.09 	-4.97 	1
-2.25 	0.96 	3
1.00 	-2.63 	3
-10.49 	5.75 	4
-10.76 	5.72 	4
-2.75 	1.96 	3
10.49 	0.79 	4
-6.21 	-4.54 	1
10.42 	-3.06 	4
0.12 	-1.46 	3
0.30 	9.04 	3
-11.17 	5.58 	4
-3.57 	6.67 	3
9.93 	1.86 	4
10.59 	0.43 	4
0.59 	8.93 	3
10.15 	-2.70 	4
10.67 	0.01 	4
0.22 	-1.59 	3
0.57 	8.66 	3
-3.69 	3.26 	3
-1.41 	10.64 	9
10.70 	0.00 	4
10.69 	-1.78 	4
-2.88 	2.00 	3
-3.55 	3.26 	3
-2.24 	0.64 	3
-1.41 	0.04 	3
0.18 	8.91 	3
-3.57 	3.01 	3
0.18 	8.79 	3
-1.37 	9.82 	7
0.83 	8.84 	3
-0.73 	-0.60 	3
-1.05 	-0.34 	3
-5.36 	-5.34 	1
-3.50 	4.01 	3
-0.40 	-0.88 	3
-10.51 	5.85 	4
-2.80 	1.84 	3
0.51 	8.66 	3
-3.76 	6.24 	3
10.69 	-1.83 	4
-6.47 	-3.63 	1
-3.79 	3.89 	3
-11.37 	6.15 	4
-5.68 	-4.69 	1
10.70 	-1.73 	4
0.35 	8.90 	3
11.02 	-1.50 	4
1.00 	-2.62 	3
-2.46 	1.23 	3
-3.92 	3.82 	3
-6.60 	-4.41 	1
0.53 	8.44 	3
-2.80 	1.50 	3
0.30 	9.10 	3
-1.17 	-0.24 	3
0.24 	8.72 	3
-1.29 	8.86 	1
-5.38 	-4.90 	1
-0.07 	8.72 	3
-3.78 	6.36 	7
-2.26 	0.68 	3
-1.38 	0.11 	3
-0.95 	9.11 	3
11.05 	-1.23 	4
-10.21 	5.58 	4
-3.93 	5.10 	3
-10.58 	5.48 	4
-1.33 	8.56 	2
-0.95 	10.22 	6
-1.44 	9.27 	2
10.29 	1.21 	4
-5.89 	-4.72 	1
0.08 	9.12 	3
-2.80 	1.59 	3
-1.70 	9.67 	6
-5.75 	-4.82 	1
-0.11 	9.31 	3
-3.55 	6.87 	3
-0.04 	9.09 	3
10.91 	-0.99 	4
-4.15 	5.21 	3
11.06 	-0.38 	4
10.63 	0.89 	4
-4.22 	5.74 	3
-2.09 	0.75 	3
10.46 	-3.05 	4
-6.55 	-3.59 	1
-6.33 	-3.67 	1
-2.63 	1.01 	5
11.18 	-1.31 	4
-0.80 	10.38 	6
-1.81 	0.42 	3
-2.51 	0.84 	3
-6.46 	-4.07 	1
-2.17 	0.69 	3
-3.62 	3.56 	3
-3.90 	5.23 	3
-2.15 	0.73 	3
11.24 	-1.50 	4
-5.50 	-4.73 	1
-2.55 	8.00 	3
10.21 	1.50 	4
-0.27 	9.01 	3
0.03 	9.03 	3
0.19 	8.82 	3
0.02 	-1.35 	3
1.08 	13.43 	8
-3.78 	3.89 	3
10.40 	1.06 	4
-2.46 	0.78 	3
-1.67 	10.37 	5
-3.65 	6.28 	3
-1.69 	9.38 	9
-5.59 	-4.45 	1
-1.04 	10.67 	6
10.74 	0.59 	4
-3.97 	4.26 	3
-3.79 	4.36 	3
-2.45 	0.83 	3
0.24 	9.23 	3
-2.52 	0.97 	3
-10.83 	5.81 	4
-3.57 	2.46 	3
11.28 	-1.45 	4
10.63 	-2.66 	4
-3.99 	4.24 	3
-11.75 	6.02 	4
9.21 	2.68 	2
-3.92 	4.42 	3
-0.86 	10.14 	6
-3.61 	3.12 	3
-1.06 	10.87 	6
-3.63 	3.82 	3
10.63 	0.72 	4
-3.72 	3.45 	3
0.04 	8.72 	3
11.07 	-2.00 	4
8.84 	3.00 	4
-6.55 	-3.50 	3
-6.98 	-3.64 	1
-4.05 	6.27 	3
-0.90 	10.37 	5
10.63 	-1.30 	4
-4.10 	4.95 	3
-1.22 	-0.15 	3
-1.87 	0.17 	3
10.85 	0.46 	4
-0.13 	9.16 	3
-6.39 	-4.02 	1
-6.88 	-3.93 	1
-3.50 	6.76 	3
-1.98 	10.33 	5
0.31 	9.45 	3
-6.72 	-3.26 	1
11.13 	-1.75 	4
10.32 	1.11 	4
10.02 	-2.81 	4
0.26 	8.70 	3
-3.38 	2.21 	3
-3.58 	6.77 	3
-5.35 	-4.84 	1
0.82 	13.10 	8
-3.11 	1.84 	3
-1.30 	-0.13 	3
-5.97 	-4.52 	1
-3.55 	2.17 	3
-4.10 	5.52 	3
-2.10 	0.53 	3
-11.50 	5.85 	4
10.93 	-2.42 	4
10.89 	-2.61 	4
-6.31 	-4.09 	1
0.00 	8.40 	3
-9.96 	5.61 	4
-0.40 	9.32 	1
-3.90 	6.58 	3
-1.09 	9.36 	3
-3.43 	2.15 	3
-3.54 	3.66 	3
-2.95 	7.82 	3
11.11 	-2.04 	4
-6.98 	-3.83 	1
11.27 	-1.56 	4
10.96 	-2.43 	4
-2.18 	0.99 	3
-5.65 	-4.40 	1
-0.79 	10.22 	6
-1.61 	8.32 	3
-3.93 	3.95 	3
-3.99 	6.20 	3
-2.32 	8.11 	3
-0.14 	9.19 	3
-2.86 	1.23 	3
-5.50 	-4.52 	1
0.02 	-1.36 	3
-10.11 	5.60 	4
-3.85 	6.20 	3
-3.97 	5.07 	3
-2.26 	0.59 	3
-3.76 	3.93 	3
-6.97 	-3.99 	1
9.41 	2.46 	4
-3.87 	6.47 	3
-6.47 	-3.66 	1
-3.66 	6.37 	3
-6.85 	-3.31 	1
-3.58 	3.12 	3
-2.70 	7.83 	3
-0.25 	9.21 	3
11.10 	-2.02 	4
9.75 	2.10 	4
-7.03 	-3.72 	1
-2.29 	0.73 	3
-1.22 	9.79 	6
-4.16 	5.39 	3
-3.24 	2.71 	3
-4.34 	4.89 	3
11.09 	-1.65 	4
11.11 	-1.09 	4
0.92 	13.24 	8
-3.80 	5.92 	3
-10.17 	5.76 	4
9.04 	2.83 	6
-6.25 	-3.78 	1
-1.20 	9.35 	3
-2.44 	8.64 	3
-4.18 	4.56 	3
11.08 	-0.14 	4
0.33 	8.70 	3
10.65 	-1.47 	4
-1.69 	9.22 	2
-1.01 	9.04 	3
-6.78 	-4.12 	1
-1.03 	9.16 	3
-5.54 	-4.42 	1
-0.29 	-1.01 	3
-0.58 	8.90 	3
-1.66 	9.26 	3
11.25 	-1.39 	4
10.34 	-2.17 	4
-2.71 	7.65 	3
-3.49 	2.27 	3
-3.51 	2.64 	3
-2.10 	10.38 	5
-6.59 	-3.44 	1
-1.98 	9.47 	3
-3.47 	3.02 	3
11.09 	-0.23 	4
0.13 	8.95 	3
-3.67 	6.53 	3
-3.56 	7.20 	3
10.15 	1.61 	4
-4.20 	4.83 	3
-0.06 	8.88 	3
-10.37 	5.38 	4
-0.69 	9.36 	3
-0.15 	9.06 	3
-0.52 	8.96 	3
-3.76 	3.55 	3
-4.02 	4.18 	3
-3.61 	2.54 	3
10.66 	-2.06 	4
-0.35 	8.80 	3
-4.00 	3.88 	3
-1.34 	10.33 	5
-3.19 	1.79 	3
-1.32 	9.96 	7
10.14 	1.63 	4
-1.35 	8.82 	2
-3.93 	4.20 	3
-5.44 	-4.81 	1
-2.02 	8.48 	3
-10.27 	5.48 	4
10.74 	-0.11 	4
-4.35 	5.63 	3
-1.15 	10.32 	7
-3.98 	6.25 	3
10.70 	-2.93 	4
-3.85 	4.87 	3
-1.28 	9.88 	7
-6.72 	-4.00 	1
-3.38 	7.01 	3
-4.29 	5.29 	3
9.81 	2.03 	4
-6.36 	-3.68 	1
-1.93 	9.22 	2
-6.43 	-3.70 	1
-3.53 	7.12 	3
-4.36 	5.37 	3
0.11 	9.05 	3
0.79 	13.06 	8
-1.98 	10.26 	5
10.93 	-1.73 	4
-3.16 	1.86 	3
-4.25 	5.53 	3
-0.54 	9.07 	3
-2.99 	7.71 	3
-4.17 	4.76 	3
-3.87 	3.72 	3
11.10 	-0.20 	4
-7.00 	-3.82 	1
-1.99 	8.75 	3
10.66 	0.92 	4
-2.94 	7.82 	3
-3.39 	7.24 	3
-4.15 	5.10 	3
-0.80 	8.98 	3
-1.70 	8.90 	2
-3.92 	4.38 	3
-1.67 	0.08 	3
-3.45 	7.27 	3
-6.84 	-3.33 	1
-0.05 	8.69 	3
-0.53 	8.93 	3
-3.48 	3.03 	3
-4.29 	4.83 	3
-2.99 	1.45 	3
-6.80 	-3.94 	1
10.45 	0.86 	4
-2.48 	8.12 	3
0.92 	13.26 	8
-6.99 	-3.85 	1
-3.89 	3.84 	3
0.87 	13.19 	8
0.85 	13.14 	8
10.27 	1.51 	4
11.11 	-0.08 	4
-2.69 	8.15 	3
11.12 	-0.44 	4
9.69 	2.17 	4
-6.40 	-3.62 	1
-6.98 	-3.60 	1
-6.35 	-3.60 	1
-1.37 	9.99 	7
-1.29 	10.30 	7
-0.13 	8.73 	3
11.16 	-0.90 	4
-2.34 	0.72 	3
10.96 	-0.20 	4
-3.99 	4.95 	3
-0.83 	9.29 	3
-4.32 	5.14 	3
-4.10 	4.03 	3
-3.94 	6.15 	3
-4.15 	5.75 	3
-2.67 	7.82 	3
9.25 	2.64 	4
-1.31 	8.88 	4
11.22 	-0.86 	4
-6.51 	-3.54 	1
-3.91 	6.51 	3
11.07 	-2.14 	4
11.27 	-1.44 	4
8.87 	2.99 	4
9.30 	2.58 	4
1.05 	13.40 	8
-2.02 	10.32 	5
-1.28 	10.02 	7
-4.33 	5.25 	3
-4.25 	5.69 	3
10.55 	0.74 	4
10.14 	1.63 	4
10.88 	-1.43 	4
-0.93 	9.42 	3
-0.58 	8.90 	3
11.10 	-0.47 	4
-1.35 	9.81 	7
-2.90 	7.83 	3
-2.21 	8.44 	3
-4.25 	5.69 	3
-1.38 	9.84 	6
-1.20 	8.90 	1
10.40 	1.32 	4
-4.09 	4.27 	3
-4.03 	3.84 	3
-0.94 	9.21 	3
-3.04 	1.52 	3
10.61 	-3.01 	4
-1.64 	8.71 	3
8.78 	3.06 	4
-2.00 	10.33 	5
-0.43 	9.03 	3
-2.05 	10.33 	5
10.64 	0.78 	4
-1.33 	9.84 	7
-2.02 	10.28 	5
-4.39 	5.22 	3
-4.01 	4.01 	3
10.35 	1.41 	4
-2.46 	8.28 	3
-1.27 	9.79 	6
-1.18 	10.91 	7
-4.16 	5.02 	3
9.65 	2.20 	4
-3.31 	7.41 	3
-3.45 	7.20 	3
11.12 	-1.49 	4
-1.27 	9.69 	6
10.61 	0.78 	4
-2.42 	0.70 	3
10.70 	0.67 	4
-1.53 	8.99 	2
-1.26 	10.06 	7
-3.82 	6.81 	3
10.17 	1.60 	4
11.08 	-1.91 	4
-4.06 	6.39 	3
9.78 	2.07 	4
-4.28 	5.70 	3
9.11 	2.77 	4
-1.87 	8.78 	2
-0.95 	9.12 	3
-1.86 	8.53 	3
9.24 	2.65 	4
-1.95 	10.02 	5
10.32 	1.42 	4
8.84 	3.02 	4
-4.21 	5.85 	3
-4.36 	4.94 	3
-3.65 	7.00 	3
-3.55 	7.14 	3
-1.15 	10.97 	12
-4.37 	5.68 	3
10.45 	1.10 	4
-1.49 	9.48 	9
-1.76 	9.93 	5
-0.98 	9.42 	3
9.76 	2.08 	4
-3.45 	7.16 	3
-3.58 	7.20 	3
-1.29 	9.96 	7
-6.77 	-3.27 	1
-1.01 	9.42 	3
-3.19 	7.63 	3
10.58 	1.06 	4
-3.57 	7.03 	3
10.94 	0.19 	4
-3.82 	6.76 	3